75
FGRI VHRU
93
-1 -1
-1 -1
80
-1 -1
8
86
-1 -1
-1 -1
41
-1 -1
PYVF VAPA
70
-1 -1
-1 -1
80
49
DMVO LNXT
-1 -1
-1 -1
84
-1 -1
BBLP KZOH
-1 -1
-1 -1
-1 -1
85
-1 -1
52
-1 -1
101
FAHB LFVO
-1 -1
30
0
81
1
GOOK PTHM
-1 -1
-1 -1
-1 -1
-1 -1
75
98
88
107
-1 -1
6
-1 -1
0
-1 -1
-1 -1
-1 -1
0
-1 -1
49
97
-1 -1
80
-1 -1
-1 -1
PEEC UIYO
-1 -1
-1 -1
-1 -1
105
-1 -1
-1 -1
70
-1 -1
92
84
0
72
1
-1 -1
34
3
-1 -1
-1 -1
-1 -1
-1 -1
38
-1 -1
49
31
59
117
44
-1 -1
55
56
69
-1 -1
HETZ MWAA
-1 -1
0
-1 -1
-1 -1
-1 -1
-1 -1
6
-1 -1
-1 -1
39
125
106
-1 -1
77
76
-1 -1
-1 -1
-1 -1
0
-1 -1
45
-1 -1
92
-1 -1
-1 -1
-1 -1
66
-1 -1
120
15
106
-1 -1
-1 -1
PTHM PUKP
5
1
-1 -1
-1 -1
135
-1 -1
-1 -1
-1 -1
2
102
-1 -1
105
1
-1 -1
139
90
4
-1 -1
140
4
141
140
153
10
43
-1 -1
KIFT LFBE
82
0
46
-1 -1
-1 -1
-1 -1
134
-1 -1
-1 -1
107
78
-1 -1
132
57
62
14
-1 -1
119
141
119
84
102
-1 -1
83
76
QYIP QYIP
97
32
-1 -1
-1 -1
-1 -1
57
66
20
-1 -1
98
55
97
-1 -1
-1 -1
-1 -1
-1 -1
135
0
2
-1 -1
114
67
-1 -1
-1 -1
46
56
44
88
-1 -1
-1 -1
-1 -1
-1 -1
2
71
81
-1 -1
-1 -1
-1 -1
-1 -1
HTPC PUKP
-1 -1
89
-1 -1
73
-1 -1
-1 -1
-1 -1
GHCM UIEF
-1 -1
-1 -1
183
134
-1 -1
-1 -1
-1 -1
-1 -1
99
0
-1 -1
94
78
-1 -1
183
-1 -1
0
-1 -1
-1 -1
-1 -1
19
-1 -1
-1 -1
3
-1 -1
47
150
7
103
5
-1 -1
-1 -1
166
-1 -1
0
24
3
-1 -1
PPIG PPIG
-1 -1
-1 -1
-1 -1
-1 -1
-1 -1
85
153
-1 -1
146
115
1
133
GOOK LFBE
86
-1 -1
132
0
-1 -1
167
-1 -1
156
121
150
-1 -1
170
184
PEEC UIYO
-1 -1
0
1
-1 -1
160
-1 -1
11
106
-1 -1
-1 -1
-1 -1
216
0
86
MWAA ZJUH
62
-1 -1
0
104
-1 -1
-1 -1
163
-1 -1
40
-1 -1
109
11
-1 -1
115
83
-1 -1
0
123
144
171
132
-1 -1
-1 -1
-1 -1
-1 -1
-1 -1
-1 -1
171
-1 -1
-1 -1
-1 -1
-1 -1
-1 -1
-1 -1
-1 -1
-1 -1
-1 -1
147
183
-1 -1
-1 -1
-1 -1
25
103
0
-1 -1
31
187
121
-1 -1
63
51
-1 -1
240
0
203
3
GHCM HETZ
-1 -1
HTPC KIFT
-1 -1
227
-1 -1
92
67
0
-1 -1
-1 -1
-1 -1
12
-1 -1
244
150
0
-1 -1
180
-1 -1
0
-1 -1
-1 -1
-1 -1
-1 -1
250
76
-1 -1
11
99
