2
(20,49) (49,75)
3
(2,78) (78,7) (51,33)
3
(2,85) (85,19) (19,36)
4
(41,22) (22,48) (48,44) (44,24)
5
(90,29) (33,71) (71,38) (38,79) (79,6)
5
(14,34) (34,15) (15,17) (17,62) (62,15)
6
(82,69) (69,93) (93,37) (37,88) (88,68) (68,87)
7
(19,7) (7,9) (9,57) (57,9) (9,51) (51,75) (75,44)
8
(17,73) (73,31) (31,3) (3,91) (91,60) (60,62) (62,26) (26,50)
9
(70,97) (97,9) (9,23) (23,81) (81,56) (56,90) (90,12) (12,40) (40,15)
10
(53,36) (36,66) (66,95) (95,71) (71,56) (56,8) (8,68) (68,79) (79,98) (98,75)
11
(78,24) (47,76) (76,71) (71,3) (3,95) (95,35) (87,27) (27,43) (43,81) (81,40) (40,93)
11
(5,89) (89,36) (36,71) (71,67) (67,32) (32,24) (24,45) (45,100) (100,72) (72,49) (49,3)
12
(81,2) (2,84) (84,21) (21,63) (63,82) (82,65) (65,36) (36,18) (18,39) (39,94) (94,6) (6,56)
13
(50,99) (99,13) (13,42) (42,68) (68,60) (60,76) (76,37) (37,59) (59,16) (41,38) (38,2) (2,7) (7,36)
13
(87,80) (80,65) (65,28) (28,44) (44,67) (67,78) (78,76) (76,93) (93,95) (95,16) (16,52) (52,15) (15,80)
14
(1,84) (84,93) (93,21) (21,57) (57,94) (94,65) (65,8) (8,66) (66,22) (22,97) (97,34) (34,38) (38,70) (70,34)
15
(81,32) (32,78) (78,2) (2,25) (25,30) (30,31) (31,21) (21,78) (78,11) (11,67) (67,23) (23,6) (6,93) (93,78) (78,49)
16
(78,96) (96,94) (94,39) (39,29) (29,5) (5,72) (72,42) (42,38) (38,19) (19,81) (81,6) (6,34) (34,72) (72,1) (1,47) (47,37)
17
(14,54) (54,47) (47,92) (92,46) (46,75) (75,87) (87,90) (90,11) (11,58) (25,93) (93,31) (31,8) (8,63) (63,46) (46,67) (67,5) (5,33)
17
(44,6) (6,15) (15,11) (11,76) (76,26) (26,45) (45,54) (54,18) (18,10) (10,78) (78,31) (31,48) (48,2) (2,45) (45,53) (53,6) (6,57)
18
(61,89) (89,20) (20,4) (4,65) (65,56) (56,44) (44,46) (46,60) (60,55) (55,78) (78,57) (2,61) (5,42) (42,58) (58,11) (11,64) (64,30) (30,62)
18
(90,52) (52,16) (16,29) (29,19) (19,26) (26,41) (41,7) (7,69) (69,78) (78,92) (92,10) (10,3) (3,19) (19,7) (7,83) (83,58) (58,100) (100,27)
19
(80,3) (3,68) (68,38) (38,28) (28,18) (18,73) (73,14) (14,66) (66,54) (54,27) (27,51) (51,77) (77,95) (95,48) (48,57) (57,94) (94,39) (39,24) (24,58)
20
(36,74) (74,86) (86,22) (22,2) (2,60) (60,86) (86,32) (32,79) (79,55) (55,75) (75,92) (92,41) (41,11) (11,35) (35,85) (85,50) (50,78) (78,42) (42,1) (1,91)
EXIT
