2
(27,27) (27,3)
3
(45,40) (40,82) (82,66)
4
(96,79) (79,64) (64,86) (86,77)
5
(34,90) (90,37) (37,14) (28,38) (38,58)
5
(51,72) (72,36) (36,89) (89,35) (35,72)
6
(94,5) (5,74) (74,67) (67,27) (91,13) (15,74)
6
(79,71) (71,96) (96,47) (47,67) (67,31) (31,45)
7
(73,82) (82,53) (53,77) (77,81) (81,46) (46,84) (84,15)
8
(60,48) (48,93) (93,64) (64,2) (2,27) (27,2) (2,32) (32,65)
9
(45,7) (7,61) (61,21) (21,29) (29,6) (6,19) (19,54) (11,76) (76,79)
9
(5,67) (67,81) (81,88) (88,88) (88,8) (8,100) (100,10) (10,78) (78,5)
10
(43,25) (25,27) (27,26) (44,95) (95,64) (64,70) (70,93) (93,68) (68,1) (1,72)
10
(22,12) (12,58) (58,32) (32,46) (46,18) (18,72) (72,51) (51,12) (12,50) (50,21)
11
(36,15) (15,93) (93,40) (40,3) (3,21) (21,76) (76,45) (45,28) (28,8) (8,96) (96,51)
11
(58,54) (54,18) (18,80) (80,25) (25,26) (26,52) (52,14) (14,93) (93,14) (14,9) (9,20)
12
(58,87) (87,2) (2,40) (40,36) (36,70) (70,59) (59,69) (69,40) (40,31) (31,12) (12,72) (72,28)
13
(57,79) (79,99) (99,34) (34,95) (95,36) (36,18) (18,45) (19,33) (33,62) (62,72) (72,16) (16,97) (97,1)
13
(43,71) (71,86) (86,89) (89,74) (74,23) (23,80) (80,53) (53,73) (73,97) (97,17) (17,46) (46,41) (41,77)
14
(19,40) (40,54) (54,63) (63,80) (80,45) (45,44) (44,3) (3,19) (19,99) (99,43) (43,35) (35,40) (40,26) (26,66)
15
(2,2) (2,52) (52,74) (74,95) (95,82) (82,95) (95,62) (62,75) (75,37) (37,44) (44,68) (68,99) (99,95) (95,92) (92,5)
16
(63,58) (58,86) (86,93) (93,62) (62,13) (13,46) (46,82) (82,20) (20,16) (89,31) (31,91) (91,83) (83,87) (87,40) (40,91) (91,78)
16
(71,30) (30,75) (75,37) (37,6) (6,63) (63,31) (31,70) (70,33) (33,46) (46,10) (10,61) (61,38) (38,37) (37,18) (18,37) (37,72)
17
(35,92) (92,37) (37,44) (44,11) (11,52) (52,17) (17,36) (36,89) (89,6) (6,81) (81,11) (11,34) (34,40) (40,39) (39,71) (71,40) (40,86)
18
(56,59) (59,15) (15,19) (19,88) (88,20) (20,93) (93,98) (98,37) (37,20) (20,71) (71,52) (52,41) (41,1) (1,52) (52,38) (38,87) (87,69) (69,23)
19
(4,85) (85,29) (29,10) (10,57) (99,96) (96,95) (95,18) (18,30) (30,94) (94,99) (99,35) (35,32) (32,26) (26,92) (84,53) (53,3) (3,56) (56,7) (7,82)
19
(54,32) (32,63) (63,49) (49,58) (58,61) (61,68) (68,19) (19,37) (37,10) (10,78) (78,38) (38,56) (56,60) (60,44) (44,82) (82,25) (25,76) (76,80) (80,3)
20
(66,56) (56,74) (74,85) (85,80) (80,1) (1,33) (33,75) (75,41) (41,73) (73,88) (88,79) (79,26) (26,36) (36,89) (89,70) (70,25) (25,38) (38,78) (8,74) (74,95)
20
(27,20) (20,9) (9,12) (12,46) (46,86) (86,43) (43,41) (41,33) (33,19) (19,83) (83,26) (26,50) (50,50) (50,63) (63,64) (64,34) (34,56) (56,69) (69,25) (25,73)
21
(38,49) (49,36) (36,99) (99,66) (66,97) (97,27) (27,46) (46,50) (50,32) (32,21) (21,75) (75,19) (19,72) (72,65) (65,84) (84,53) (53,17) (17,100) (100,55) (55,90) (90,14)
21
(43,20) (20,84) (84,50) (50,65) (65,7) (7,22) (22,27) (27,12) (12,41) (41,85) (85,13) (13,5) (5,68) (68,81) (81,85) (85,28) (28,33) (33,23) (23,38) (38,28) (28,78)
22
(40,27) (27,27) (27,19) (19,9) (9,40) (40,36) (36,21) (21,18) (18,78) (78,10) (10,38) (38,64) (64,20) (20,65) (65,52) (52,19) (44,24) (24,21) (21,66) (66,13) (13,2) (2,61)
22
(28,87) (87,57) (57,76) (76,63) (63,94) (94,51) (51,9) (9,94) (94,71) (71,63) (63,61) (61,2) (2,49) (49,91) (91,68) (68,72) (72,61) (61,10) (10,38) (38,90) (90,78) (78,62)
23
(70,82) (82,100) (100,20) (20,97) (97,21) (21,92) (92,3) (3,20) (20,50) (50,38) (38,29) (29,85) (85,39) (39,40) (40,33) (33,69) (69,46) (46,79) (79,16) (16,5) (5,62) (62,33) (33,53)
24
(51,21) (21,92) (92,99) (99,85) (85,82) (82,22) (22,99) (99,39) (39,50) (50,62) (62,44) (44,34) (34,13) (13,53) (53,88) (88,6) (6,100) (100,44) (44,7) (7,5) (5,37) (37,64) (64,6) (6,74)
25
(71,54) (54,97) (15,96) (96,47) (47,85) (85,30) (30,22) (22,41) (41,18) (18,81) (62,30) (30,59) (31,39) (39,52) (21,75) (75,5) (5,41) (41,41) (41,50) (50,12) (12,62) (62,41) (41,76) (76,33) (33,59)
25
(46,60) (60,87) (87,15) (15,35) (35,28) (28,48) (48,76) (76,96) (96,25) (25,84) (84,25) (25,77) (77,84) (84,25) (25,36) (36,64) (64,17) (17,73) (73,84) (84,22) (22,55) (55,79) (79,21) (21,9) (9,1)
26
(37,96) (96,19) (19,98) (98,65) (65,42) (42,18) (18,68) (13,89) (89,57) (57,66) (66,73) (73,14) (15,8) (8,4) (4,21) (21,44) (44,91) (91,77) (77,76) (76,44) (44,69) (69,44) (44,34) (34,80) (80,98) (54,70)
26
(82,97) (97,81) (81,81) (81,81) (81,15) (15,17) (17,35) (35,56) (56,69) (69,55) (55,14) (14,22) (22,79) (79,15) (15,22) (22,73) (73,98) (98,30) (30,97) (97,39) (39,9) (9,7) (7,71) (71,5) (5,82) (82,6)
27
(99,54) (54,9) (9,64) (64,30) (30,55) (55,50) (50,64) (64,68) (68,1) (1,44) (44,18) (18,80) (80,35) (35,49) (49,34) (34,65) (65,12) (12,1) (1,18) (18,72) (72,94) (94,86) (86,42) (42,42) (42,92) (92,19) (19,35)
28
(51,30) (30,30) (30,42) (42,96) (96,97) (97,88) (88,72) (72,27) (27,16) (16,19) (19,80) (80,66) (66,76) (76,61) (61,52) (52,47) (47,10) (83,15) (15,42) (42,73) (2,13) (13,36) (36,28) (28,31) (31,81) (81,83) (83,44) (44,16)
28
(79,45) (45,59) (59,15) (15,42) (42,11) (11,39) (39,14) (14,65) (65,43) (43,36) (36,60) (60,26) (26,28) (28,22) (22,38) (38,33) (33,54) (54,27) (27,74) (74,91) (91,64) (64,98) (98,5) (5,61) (61,39) (39,64) (64,85) (85,32)
29
(36,28) (28,36) (36,60) (60,23) (23,12) (13,34) (34,11) (11,21) (21,6) (6,65) (65,58) (58,31) (31,55) (55,93) (93,67) (67,69) (69,2) (2,86) (86,87) (87,91) (91,94) (94,86) (86,70) (70,3) (3,25) (25,27) (27,85) (85,85) (85,85)
29
(70,30) (30,74) (74,96) (96,71) (71,18) (18,56) (56,28) (28,67) (67,52) (52,69) (69,88) (88,34) (34,55) (55,12) (12,71) (71,79) (79,45) (45,67) (67,56) (56,37) (37,55) (55,75) (75,57) (57,37) (37,64) (64,97) (97,37) (37,25) (25,62)
30
(2,80) (80,14) (14,100) (100,75) (15,51) (51,48) (48,3) (3,52) (52,80) (80,86) (86,43) (43,28) (28,30) (30,92) (92,74) (74,78) (78,2) (2,78) (78,8) (8,61) (61,93) (93,27) (27,62) (62,83) (83,24) (24,78) (78,8) (8,37) (37,71) (71,92)
30
(34,79) (79,8) (8,7) (7,97) (97,7) (7,45) (45,20) (20,27) (27,12) (12,30) (30,90) (90,40) (40,12) (12,89) (89,47) (47,83) (83,6) (6,29) (29,15) (15,49) (49,66) (66,39) (39,93) (93,63) (63,37) (37,53) (53,73) (73,35) (35,15) (15,73)
31
(30,86) (86,49) (49,46) (46,1) (1,80) (80,68) (68,14) (90,9) (9,35) (35,67) (67,46) (46,20) (20,19) (19,42) (42,79) (79,40) (40,54) (54,69) (69,43) (43,56) (56,21) (21,2) (2,37) (37,14) (14,54) (54,28) (28,32) (32,13) (13,70) (70,64) (64,23)
31
(30,81) (81,80) (80,39) (39,30) (30,48) (48,94) (94,95) (95,71) (71,21) (21,73) (73,51) (51,47) (47,38) (38,71) (71,67) (67,61) (61,29) (29,45) (45,35) (35,45) (45,44) (44,75) (75,89) (89,74) (74,35) (35,43) (43,22) (22,64) (64,62) (62,7) (7,51)
32
(35,75) (75,77) (77,98) (98,61) (61,68) (68,16) (16,95) (95,88) (88,61) (61,62) (62,85) (85,38) (38,15) (15,94) (94,89) (89,20) (20,71) (71,38) (38,71) (71,97) (97,49) (49,2) (74,46) (46,97) (97,14) (14,97) (97,2) (2,82) (82,24) (24,63) (63,1) (1,14)
32
(59,21) (21,98) (98,84) (84,66) (66,25) (25,55) (55,44) (44,41) (41,24) (24,41) (41,26) (26,10) (10,90) (90,68) (68,20) (20,4) (4,31) (31,45) (45,45) (45,56) (56,94) (94,28) (28,65) (65,47) (47,24) (24,46) (46,77) (77,70) (70,27) (27,97) (97,52) (52,25)
33
(32,41) (41,2) (2,74) (74,20) (20,2) (2,22) (22,47) (47,40) (40,39) (39,80) (80,53) (53,8) (8,37) (37,9) (9,29) (36,1) (1,84) (84,8) (8,54) (54,90) (90,31) (31,11) (11,82) (82,78) (50,81) (81,30) (30,81) (81,19) (19,69) (69,99) (99,44) (44,40) (40,71)
33
(35,99) (99,27) (27,100) (100,91) (91,31) (31,9) (9,75) (75,29) (29,20) (20,18) (18,47) (47,23) (23,6) (6,10) (10,6) (6,48) (48,66) (66,32) (32,32) (32,52) (52,79) (79,41) (41,54) (54,12) (12,96) (96,37) (37,69) (69,12) (12,30) (30,88) (88,12) (12,25) (25,7)
34
(49,66) (66,69) (69,59) (59,98) (98,50) (50,82) (82,4) (38,11) (11,90) (90,82) (82,86) (86,23) (23,11) (11,88) (88,30) (94,64) (64,46) (46,51) (51,73) (73,12) (12,96) (96,5) (5,64) (64,97) (97,34) (34,90) (90,50) (50,70) (70,1) (1,48) (48,70) (70,89) (89,11) (11,49)
34
(51,84) (84,68) (68,20) (20,98) (98,29) (29,16) (16,77) (77,37) (37,21) (21,52) (52,74) (74,7) (7,79) (79,54) (54,34) (34,82) (82,10) (10,44) (44,44) (44,95) (95,6) (6,93) (93,91) (91,86) (86,4) (4,7) (7,64) (64,3) (3,74) (74,83) (83,49) (49,59) (59,94) (94,94)
35
(94,9) (9,3) (3,81) (42,27) (27,78) (78,91) (91,4) (4,21) (21,42) (42,83) (83,31) (31,74) (74,20) (20,76) (76,75) (75,72) (72,64) (64,36) (36,81) (81,73) (73,34) (34,74) (74,20) (20,75) (75,3) (3,82) (82,77) (77,98) (98,42) (42,56) (56,53) (53,90) (90,57) (57,8) (8,48)
35
(47,57) (57,70) (70,90) (90,8) (8,63) (63,17) (17,66) (66,99) (99,82) (82,32) (32,36) (36,9) (9,69) (69,98) (98,24) (24,25) (25,84) (84,76) (76,34) (34,11) (11,34) (34,87) (87,55) (55,2) (2,91) (91,55) (55,61) (61,33) (33,85) (85,5) (5,37) (37,26) (26,81) (81,63) (63,26)
36
(21,70) (70,95) (95,79) (79,77) (77,100) (100,41) (41,13) (13,49) (49,69) (94,41) (41,70) (70,81) (81,44) (44,49) (49,69) (69,5) (5,68) (68,6) (6,85) (85,92) (92,48) (48,9) (37,41) (41,66) (66,84) (84,6) (6,25) (25,24) (24,80) (80,19) (19,47) (47,98) (98,7) (7,77) (77,73) (73,72)
36
(88,93) (93,87) (87,50) (50,90) (90,100) (100,31) (31,94) (94,54) (54,43) (43,80) (80,21) (21,38) (38,98) (98,90) (90,12) (12,73) (73,45) (45,58) (58,98) (98,93) (93,91) (91,36) (36,92) (92,87) (87,94) (94,44) (44,37) (37,57) (57,10) (10,74) (74,85) (85,70) (70,65) (65,43) (43,91) (91,75)
37
(15,26) (26,61) (61,43) (43,80) (80,12) (12,94) (94,54) (54,30) (30,6) (6,78) (78,81) (81,20) (20,93) (93,1) (1,85) (85,92) (92,80) (80,37) (37,37) (37,42) (42,90) (90,8) (8,54) (54,70) (70,10) (10,56) (56,15) (15,84) (84,10) (10,39) (39,2) (2,21) (21,73) (73,31) (89,93) (93,64) (64,45)
37
(20,14) (14,22) (22,11) (11,36) (36,63) (63,1) (1,61) (61,66) (66,15) (15,69) (69,3) (3,62) (62,65) (65,61) (61,96) (96,35) (35,56) (56,20) (20,67) (67,41) (41,87) (87,23) (23,43) (43,56) (56,1) (1,81) (81,28) (28,79) (79,52) (52,10) (10,49) (49,80) (80,99) (99,35) (35,36) (36,69) (69,52)
38
(87,59) (59,66) (66,32) (32,56) (56,84) (84,4) (4,34) (34,19) (19,30) (30,21) (21,93) (93,55) (55,72) (72,7) (7,60) (60,46) (46,95) (95,55) (55,74) (74,96) (96,25) (65,79) (79,7) (7,69) (69,42) (42,68) (68,92) (92,48) (48,61) (61,92) (92,11) (11,46) (46,55) (55,58) (58,93) (93,23) (23,48) (48,85)
38
(72,80) (80,49) (49,37) (37,1) (1,49) (49,37) (37,48) (48,21) (21,2) (2,15) (15,69) (69,48) (48,4) (4,50) (50,45) (45,76) (76,23) (23,20) (20,20) (20,37) (37,84) (84,78) (78,99) (99,32) (32,79) (79,9) (9,91) (91,52) (52,31) (31,9) (9,73) (73,64) (64,48) (48,58) (58,50) (50,26) (26,73) (73,77)
39
(43,44) (44,1) (1,23) (23,54) (54,99) (99,88) (88,44) (44,1) (1,39) (39,87) (87,70) (70,79) (79,57) (57,79) (79,82) (82,30) (30,62) (62,20) (20,41) (41,28) (28,56) (61,53) (53,65) (65,30) (30,95) (95,73) (73,37) (37,69) (69,65) (65,17) (17,8) (8,62) (4,55) (55,40) (40,8) (8,76) (76,95) (95,7) (7,54)
39
(20,19) (19,66) (66,88) (88,51) (51,46) (46,30) (30,60) (60,49) (49,9) (9,5) (5,62) (62,59) (59,11) (11,9) (9,16) (16,7) (7,8) (8,89) (89,37) (37,100) (100,68) (68,94) (94,84) (84,20) (20,45) (45,49) (49,85) (85,90) (90,30) (30,53) (53,30) (30,10) (10,63) (63,39) (39,100) (100,56) (56,85) (85,1) (1,39)
40
(93,92) (92,91) (91,19) (19,70) (70,88) (88,86) (86,95) (95,56) (56,60) (60,3) (3,5) (5,30) (30,66) (66,29) (29,39) (39,38) (38,69) (69,92) (92,36) (36,57) (57,15) (15,97) (97,88) (88,45) (45,69) (69,26) (26,95) (95,56) (56,13) (13,25) (25,20) (20,23) (23,74) (74,85) (85,51) (51,86) (86,11) (11,15) (15,45) (45,86)
EXIT
