2
(10,91) (91,90)
2
(13,9) (9,73)
3
(89,90) (90,77) (77,85)
4
(51,39) (39,100) (100,54) (54,46)
5
(60,31) (31,92) (92,69) (69,65) (65,58)
6
(3,28) (28,79) (79,51) (51,85) (85,53) (53,35)
7
(15,79) (79,22) (22,7) (7,20) (20,45) (45,44) (44,32)
8
(78,99) (99,46) (46,36) (36,5) (5,6) (6,93) (93,56) (56,11)
9
(3,80) (80,62) (62,98) (98,95) (95,53) (53,58) (58,41) (41,71) (71,30)
10
(49,32) (32,75) (73,42) (59,35) (35,47) (47,75) (75,79) (79,85) (85,27) (27,19)
10
(19,77) (77,67) (67,9) (9,31) (31,34) (34,5) (5,69) (69,61) (61,75) (75,74)
11
(73,55) (55,19) (19,49) (49,90) (90,76) (76,87) (87,59) (59,44) (44,63) (63,63) (63,74)
11
(20,16) (16,36) (36,98) (98,25) (25,74) (74,38) (38,22) (22,41) (41,59) (59,72) (72,13)
12
(85,67) (67,94) (72,6) (6,9) (9,14) (14,13) (13,53) (53,16) (16,46) (46,94) (94,27) (27,17)
12
(76,15) (15,71) (71,40) (40,76) (76,61) (61,35) (35,41) (41,74) (74,35) (35,89) (89,94) (94,90)
13
(15,16) (16,51) (51,86) (86,53) (53,16) (16,39) (39,17) (17,29) (29,59) (59,26) (26,43) (43,40) (40,3)
14
(52,5) (5,60) (60,30) (30,23) (23,13) (13,73) (73,35) (35,87) (87,43) (43,2) (2,75) (75,38) (38,50) (50,95)
15
(9,76) (76,32) (32,4) (4,45) (45,38) (38,38) (38,1) (1,28) (28,45) (45,88) (88,91) (91,80) (80,52) (52,48) (48,77)
16
(63,67) (67,81) (81,80) (80,84) (84,94) (94,86) (86,17) (17,15) (15,55) (55,11) (11,73) (73,18) (18,46) (46,60) (60,10) (10,48)
17
(34,15) (95,17) (17,79) (79,71) (71,13) (13,3) (3,55) (55,35) (35,75) (75,18) (18,50) (41,71) (71,80) (80,51) (28,10) (10,66) (66,8)
17
(78,99) (99,48) (48,11) (11,55) (55,53) (53,2) (2,36) (36,62) (62,7) (7,94) (94,81) (81,96) (96,42) (42,54) (54,26) (26,65) (65,65)
18
(79,73) (73,61) (61,60) (60,31) (31,100) (100,19) (19,61) (61,13) (13,80) (80,23) (23,78) (78,42) (42,40) (40,67) (67,51) (51,37) (37,82) (82,85)
19
(81,53) (53,22) (22,57) (57,85) (85,64) (64,2) (2,55) (55,11) (11,40) (40,61) (61,55) (55,11) (11,91) (91,37) (37,80) (80,25) (25,14) (14,29) (29,63)
20
(100,15) (15,75) (75,97) (97,9) (9,80) (80,82) (82,77) (77,77) (77,19) (19,70) (70,38) (38,23) (23,71) (71,9) (9,93) (93,79) (79,91) (91,25) (25,1) (1,42)
21
(96,32) (32,71) (71,4) (4,53) (53,11) (11,77) (77,17) (17,29) (29,82) (82,87) (87,6) (6,11) (11,75) (75,76) (76,53) (53,92) (92,1) (1,26) (26,61) (61,8) (8,77)
22
(53,64) (64,59) (59,26) (26,11) (11,72) (72,32) (32,75) (75,16) (16,93) (93,79) (79,56) (56,13) (13,13) (13,52) (52,63) (63,84) (84,5) (5,15) (15,52) (52,54) (54,46) (46,15)
23
(46,90) (90,2) (2,6) (6,32) (32,95) (95,68) (68,53) (53,53) (53,69) (69,98) (98,29) (29,29) (29,87) (87,62) (62,53) (53,95) (95,61) (61,47) (47,38) (38,72) (72,21) (21,12) (25,16)
23
(12,4) (4,46) (46,59) (59,17) (17,92) (92,3) (3,21) (21,27) (27,71) (71,58) (58,45) (45,96) (96,93) (93,83) (83,51) (51,14) (14,58) (58,100) (100,30) (30,40) (40,44) (44,65) (65,38)
24
(45,85) (85,53) (53,89) (89,73) (73,74) (74,11) (11,83) (83,86) (86,3) (3,58) (58,96) (96,96) (96,10) (10,75) (75,69) (69,7) (7,35) (35,92) (92,45) (45,6) (6,69) (69,38) (38,46) (46,4)
25
(28,37) (37,68) (68,58) (58,20) (20,49) (49,92) (92,87) (87,41) (41,58) (58,55) (55,11) (11,6) (6,97) (97,90) (90,63) (63,18) (18,96) (96,54) (54,33) (33,11) (11,27) (27,97) (97,71) (71,25) (25,80)
26
(69,48) (48,75) (75,88) (88,91) (91,37) (37,43) (43,45) (45,38) (38,59) (59,76) (76,86) (86,15) (15,51) (51,24) (24,18) (18,67) (67,45) (45,62) (62,28) (28,20) (20,3) (3,64) (64,91) (91,3) (3,95) (95,18)
27
(89,10) (10,51) (51,57) (57,9) (9,72) (72,87) (87,13) (13,16) (16,33) (33,9) (9,60) (15,79) (79,2) (2,11) (11,15) (15,68) (68,41) (41,90) (90,35) (35,60) (60,31) (31,48) (48,12) (12,57) (57,93) (93,49) (49,49)
27
(29,84) (84,50) (50,94) (94,77) (77,61) (61,44) (44,34) (34,71) (71,64) (64,24) (24,4) (4,90) (90,54) (54,46) (46,95) (95,6) (6,86) (86,77) (77,83) (83,7) (7,85) (85,23) (23,63) (63,42) (42,30) (30,45) (45,88)
28
(89,26) (26,17) (17,62) (62,84) (84,18) (34,88) (88,12) (12,20) (20,79) (79,35) (35,39) (39,67) (67,62) (62,15) (15,76) (76,69) (69,100) (100,84) (84,28) (28,40) (40,84) (84,76) (5,74) (74,8) (8,36) (36,81) (81,70) (70,31)
28
(89,32) (32,62) (62,66) (66,41) (41,15) (15,84) (84,60) (60,40) (40,42) (42,21) (21,5) (5,29) (29,36) (36,91) (91,4) (4,65) (65,70) (70,81) (81,1) (1,69) (69,76) (76,40) (40,16) (16,24) (24,65) (65,15) (15,22) (22,69)
29
(82,90) (90,89) (89,89) (89,15) (15,22) (22,4) (45,97) (97,26) (26,59) (59,28) (28,85) (85,99) (99,69) (69,41) (41,36) (36,67) (67,60) (60,29) (29,77) (77,94) (94,52) (52,23) (15,96) (96,76) (76,66) (66,72) (72,1) (41,61) (61,27)
29
(84,63) (63,46) (46,4) (4,67) (67,87) (87,26) (26,60) (60,8) (8,97) (97,35) (35,86) (86,100) (100,3) (3,33) (33,41) (41,19) (19,82) (82,48) (48,65) (65,47) (47,15) (15,7) (7,83) (83,99) (99,39) (39,21) (21,30) (30,95) (95,94)
30
(64,88) (88,1) (1,8) (8,15) (15,99) (99,60) (60,3) (3,26) (26,73) (73,17) (46,58) (58,41) (41,96) (96,35) (35,42) (42,99) (99,60) (60,87) (87,47) (47,87) (87,13) (13,18) (18,55) (55,22) (22,78) (78,38) (38,73) (73,2) (2,100) (100,90)
30
(86,58) (58,38) (38,14) (14,30) (30,61) (61,51) (51,87) (87,88) (88,58) (58,33) (33,86) (86,66) (66,29) (29,53) (53,34) (34,74) (74,22) (22,71) (71,59) (59,52) (52,17) (17,48) (48,51) (51,38) (38,2) (2,99) (99,60) (60,18) (18,87) (87,58)
31
(62,69) (69,90) (90,99) (99,52) (52,76) (76,59) (59,78) (78,12) (12,46) (46,32) (32,99) (99,40) (40,73) (46,24) (24,53) (53,18) (18,39) (39,61) (61,6) (6,9) (9,83) (83,82) (82,88) (88,87) (5,98) (46,65) (65,8) (8,35) (30,8) (8,15) (15,45)
31
(99,91) (91,10) (10,54) (54,26) (26,73) (73,26) (26,8) (8,53) (53,97) (97,31) (31,19) (19,76) (76,80) (80,82) (82,83) (83,8) (8,22) (22,12) (12,58) (58,78) (78,32) (32,41) (41,15) (15,76) (76,19) (19,23) (23,76) (76,57) (57,28) (28,25) (25,77)
32
(54,36) (36,15) (15,11) (11,42) (42,49) (49,6) (6,98) (98,92) (53,2) (2,16) (16,97) (97,56) (56,73) (73,23) (23,79) (47,18) (18,41) (41,16) (16,37) (37,74) (74,17) (17,61) (61,53) (53,30) (30,25) (25,86) (86,53) (53,73) (73,86) (86,12) (12,36) (36,9)
32
(22,49) (49,51) (51,61) (61,86) (86,32) (32,60) (60,26) (26,63) (63,47) (47,89) (89,40) (40,64) (64,50) (50,24) (24,29) (29,10) (10,16) (16,7) (7,30) (30,23) (23,88) (88,31) (31,45) (45,68) (68,28) (28,42) (42,11) (11,76) (76,77) (77,94) (94,24) (24,88)
33
(98,92) (92,8) (8,59) (59,92) (92,49) (49,14) (14,18) (18,59) (59,7) (7,75) (75,56) (56,80) (80,37) (37,29) (29,97) (66,13) (13,70) (70,67) (67,48) (48,73) (73,20) (20,24) (24,98) (98,81) (81,39) (39,40) (40,34) (34,61) (61,74) (74,55) (55,6) (6,25) (25,39)
33
(16,12) (12,75) (75,97) (97,36) (36,98) (98,11) (11,23) (23,24) (24,65) (65,41) (41,64) (64,65) (65,1) (1,67) (67,93) (93,35) (35,49) (49,98) (98,25) (25,46) (46,10) (10,75) (75,79) (79,51) (51,83) (83,43) (43,31) (31,20) (20,23) (23,49) (49,63) (63,85) (85,48)
34
(54,25) (25,31) (31,84) (84,28) (28,27) (27,29) (29,14) (14,37) (37,48) (48,17) (17,87) (63,37) (37,18) (18,90) (90,61) (61,25) (25,4) (4,82) (82,26) (26,19) (19,3) (3,10) (10,83) (83,71) (71,90) (90,10) (10,42) (42,35) (35,83) (83,43) (43,15) (15,48) (48,88) (88,82)
34
(22,67) (67,68) (68,6) (6,31) (31,84) (84,71) (71,83) (83,83) (83,30) (30,100) (100,16) (16,84) (84,15) (15,52) (52,32) (32,52) (52,58) (58,26) (26,23) (23,58) (58,99) (99,19) (19,3) (3,3) (3,18) (18,21) (21,9) (9,9) (9,24) (24,18) (18,85) (85,15) (15,91) (91,27)
35
(1,24) (24,52) (52,3) (3,96) (96,38) (38,71) (71,89) (89,85) (85,83) (83,15) (15,18) (18,54) (77,10) (10,22) (22,1) (1,100) (100,82) (82,80) (80,41) (41,69) (69,29) (29,58) (58,84) (84,28) (28,32) (32,23) (23,20) (20,27) (27,23) (23,43) (43,35) (35,39) (39,41) (41,2) (2,55)
35
(86,88) (88,56) (56,9) (9,81) (81,16) (16,73) (73,99) (99,86) (86,16) (16,29) (29,56) (56,19) (19,47) (47,19) (19,29) (29,69) (69,25) (25,85) (85,21) (21,17) (17,14) (14,9) (9,30) (30,18) (18,56) (56,81) (81,97) (97,93) (93,45) (45,41) (41,41) (41,80) (80,72) (72,62) (62,19)
36
(64,66) (66,5) (5,10) (10,65) (65,12) (12,14) (14,83) (83,37) (37,89) (89,57) (57,19) (19,87) (87,52) (52,30) (30,14) (14,40) (40,33) (33,28) (28,60) (60,81) (81,76) (76,99) (99,97) (97,12) (79,38) (38,99) (99,97) (97,26) (26,10) (10,34) (34,47) (47,15) (15,44) (44,61) (61,64) (75,91)
36
(12,23) (23,25) (25,57) (57,72) (72,2) (2,24) (24,93) (93,86) (86,35) (35,6) (6,76) (76,7) (7,44) (44,65) (65,67) (67,38) (38,75) (75,6) (6,76) (76,95) (95,3) (3,62) (62,3) (3,95) (95,67) (67,21) (21,24) (24,17) (17,15) (15,93) (93,75) (75,96) (96,49) (49,70) (70,94) (94,94)
37
(6,55) (29,72) (72,45) (45,22) (39,25) (25,44) (80,56) (56,55) (55,38) (38,57) (57,91) (91,17) (17,9) (9,18) (18,72) (72,98) (98,43) (98,57) (57,84) (84,71) (71,49) (49,25) (25,86) (86,58) (58,9) (9,25) (25,93) (93,52) (52,5) (5,43) (43,81) (81,90) (90,98) (52,5) (5,1) (1,66) (66,74)
37
(42,89) (89,49) (49,66) (66,27) (27,87) (87,3) (3,16) (16,14) (14,69) (69,47) (47,89) (89,100) (100,51) (51,69) (69,5) (5,87) (87,99) (99,62) (62,71) (71,7) (7,42) (42,33) (33,47) (47,84) (84,11) (11,66) (66,64) (64,66) (66,63) (63,37) (37,92) (92,80) (80,86) (86,53) (53,28) (28,54) (54,90)
38
(65,100) (100,5) (5,74) (74,60) (60,11) (87,69) (69,20) (20,48) (48,62) (62,78) (78,72) (72,6) (6,85) (85,70) (70,56) (56,14) (14,31) (31,99) (99,70) (70,78) (78,70) (70,13) (13,34) (34,74) (74,20) (20,95) (49,8) (8,19) (19,91) (91,55) (55,58) (58,90) (90,63) (63,2) (2,50) (50,90) (90,85) (85,95)
38
(91,12) (12,71) (71,17) (17,97) (97,32) (32,63) (63,47) (47,2) (2,4) (4,52) (52,85) (85,8) (8,10) (10,56) (56,8) (8,52) (52,56) (56,19) (19,79) (79,63) (63,24) (24,17) (17,95) (95,73) (73,83) (83,79) (79,46) (46,58) (58,46) (46,10) (10,94) (94,63) (63,20) (20,5) (5,55) (55,71) (71,64) (64,68)
39
(5,98) (98,18) (18,51) (51,44) (44,85) (85,54) (54,66) (29,21) (21,89) (89,98) (98,78) (78,83) (83,88) (88,58) (58,16) (16,92) (92,44) (44,52) (52,15) (15,42) (42,81) (81,1) (1,64) (64,41) (41,86) (86,31) (31,27) (27,9) (9,30) (30,65) (65,87) (87,36) (73,40) (40,60) (60,9) (9,92) (92,38) (38,51) (51,14)
39
(64,81) (81,84) (84,54) (54,89) (89,1) (1,22) (22,100) (100,89) (89,18) (18,4) (4,88) (88,4) (4,70) (70,32) (32,94) (94,22) (22,82) (82,91) (91,53) (53,55) (55,40) (40,91) (91,36) (36,92) (92,81) (81,39) (39,29) (29,37) (37,81) (81,33) (33,54) (54,69) (69,17) (17,22) (22,23) (23,63) (63,22) (22,48) (48,81)
40
(67,22) (22,56) (56,34) (34,33) (33,50) (50,78) (78,59) (59,89) (89,85) (85,27) (27,59) (59,83) (83,74) (74,31) (31,32) (32,39) (39,70) (70,89) (89,30) (30,61) (61,68) (68,34) (34,83) (83,6) (6,50) (50,20) (20,6) (6,79) (79,88) (88,32) (32,92) (92,69) (69,25) (25,99) (99,36) (36,87) (87,90) (90,50) (50,19) (19,63)
41
(18,62) (62,86) (86,40) (40,56) (56,34) (34,32) (32,6) (6,96) (96,90) (90,67) (67,58) (58,72) (72,90) (90,9) (9,80) (80,29) (35,81) (81,5) (5,64) (64,54) (54,33) (33,79) (79,1) (1,56) (56,23) (23,93) (93,6) (6,15) (15,38) (38,13) (13,89) (89,33) (33,58) (58,45) (45,90) (90,46) (20,32) (32,76) (76,36) (36,13) (13,6)
41
(81,56) (56,50) (50,64) (64,19) (19,9) (9,92) (92,21) (21,27) (27,35) (35,17) (17,76) (76,77) (77,86) (86,18) (18,53) (53,80) (80,3) (3,84) (84,31) (31,33) (33,35) (35,74) (74,11) (11,94) (94,30) (30,94) (94,85) (85,25) (25,54) (54,12) (12,50) (50,62) (62,44) (44,12) (12,94) (94,68) (68,82) (82,76) (76,65) (65,32) (32,12)
42
(87,97) (97,60) (60,57) (57,61) (61,82) (82,99) (99,99) (99,50) (50,81) (81,16) (16,68) (68,55) (55,82) (82,13) (13,91) (66,22) (22,30) (30,87) (87,37) (37,79) (79,3) (3,67) (67,4) (4,51) (51,60) (60,58) (58,48) (48,47) (47,56) (56,6) (6,57) (57,11) (11,6) (6,48) (48,27) (27,7) (7,78) (78,58) (58,63) (63,87) (87,1) (1,46)
42
(7,45) (45,90) (90,85) (85,57) (57,78) (78,30) (30,71) (71,37) (37,3) (3,47) (47,83) (83,13) (13,19) (19,44) (44,94) (94,53) (53,72) (72,37) (37,19) (19,83) (83,17) (17,76) (76,65) (65,79) (79,30) (30,40) (40,61) (61,51) (51,64) (64,53) (53,80) (80,94) (94,58) (58,42) (42,41) (41,33) (33,95) (95,98) (98,26) (26,95) (95,70) (70,34)
43
(83,86) (86,34) (34,99) (99,93) (93,12) (27,89) (89,70) (70,72) (72,28) (28,84) (84,67) (67,95) (95,63) (63,34) (34,24) (24,90) (90,61) (61,44) (44,76) (76,42) (42,94) (94,78) (78,40) (40,30) (30,95) (95,43) (43,73) (73,46) (46,39) (39,85) (85,98) (98,94) (84,49) (49,11) (11,38) (38,29) (29,69) (69,2) (2,40) (42,7) (7,66) (66,66) (66,77)
43
(12,72) (72,56) (56,39) (39,44) (44,29) (29,30) (30,52) (52,30) (30,57) (57,34) (34,63) (63,37) (37,35) (35,84) (84,99) (99,42) (42,1) (1,27) (27,47) (47,75) (75,73) (73,49) (49,34) (34,27) (27,38) (38,36) (36,91) (91,100) (100,24) (24,26) (26,56) (56,2) (2,31) (31,40) (40,72) (72,15) (15,92) (92,22) (22,68) (68,91) (91,60) (60,42) (42,97)
44
(5,83) (13,98) (61,70) (70,66) (66,32) (31,98) (98,60) (60,59) (59,97) (97,47) (47,80) (80,2) (2,17) (17,34) (34,92) (92,66) (90,26) (26,54) (54,93) (93,11) (11,94) (94,26) (26,54) (54,30) (30,19) (19,22) (22,19) (19,95) (95,1) (1,96) (96,97) (97,15) (15,87) (87,19) (19,33) (33,62) (62,58) (42,49) (49,48) (48,21) (21,89) (89,26) (26,80) (77,79)
44
(44,60) (60,36) (36,97) (97,37) (37,4) (4,91) (91,33) (33,31) (31,1) (1,66) (66,96) (96,48) (48,85) (85,64) (64,41) (41,59) (59,76) (76,35) (35,2) (2,60) (60,65) (65,45) (45,11) (11,99) (99,53) (53,5) (5,12) (12,85) (85,21) (21,65) (65,24) (24,56) (56,11) (11,32) (32,23) (23,38) (38,68) (68,12) (12,2) (2,98) (98,40) (40,73) (73,13) (13,71)
45
(73,12) (12,75) (75,90) (90,18) (18,91) (91,18) (18,44) (44,39) (39,88) (88,85) (85,51) (51,64) (100,51) (51,12) (12,80) (80,23) (23,88) (88,35) (35,70) (70,98) (98,31) (31,19) (19,67) (67,61) (61,15) (15,53) (53,97) (97,58) (58,98) (98,49) (49,83) (83,32) (32,30) (30,24) (24,8) (8,47) (47,60) (60,67) (67,13) (13,47) (47,45) (45,40) (40,82) (82,34) (34,31)
45
(35,61) (61,70) (70,74) (74,34) (34,26) (26,37) (37,57) (57,9) (9,4) (4,50) (50,98) (98,72) (72,33) (33,28) (28,82) (82,32) (32,83) (83,23) (23,27) (27,49) (49,27) (27,6) (6,53) (53,1) (1,77) (77,96) (96,23) (23,9) (9,79) (79,16) (16,14) (14,12) (12,59) (59,97) (97,19) (19,4) (4,58) (58,81) (81,45) (45,3) (3,48) (48,50) (50,44) (44,3) (3,68)
46
(94,84) (84,51) (51,58) (12,11) (11,1) (1,5) (5,49) (49,56) (56,27) (27,5) (5,87) (87,91) (91,81) (81,31) (31,28) (28,89) (89,32) (32,92) (92,78) (78,97) (97,74) (74,75) (75,40) (40,79) (79,5) (5,28) (28,49) (49,16) (16,19) (19,34) (34,33) (33,97) (11,52) (52,56) (56,83) (83,100) (100,69) (69,34) (78,27) (27,96) (96,1) (1,98) (98,18) (18,77) (77,2) (2,39)
46
(70,18) (18,49) (49,7) (7,84) (84,72) (72,64) (64,98) (98,76) (76,100) (100,26) (26,9) (9,80) (80,35) (35,45) (45,99) (99,67) (67,29) (29,32) (32,24) (24,37) (37,94) (94,27) (27,10) (10,54) (54,33) (33,53) (53,56) (56,43) (43,62) (62,19) (19,1) (1,18) (18,60) (60,46) (46,36) (36,84) (84,53) (53,50) (50,49) (49,44) (44,75) (75,20) (20,96) (96,55) (55,96) (96,48)
47
(12,99) (99,29) (29,26) (26,73) (73,63) (63,50) (50,54) (54,17) (49,3) (3,48) (48,100) (100,80) (80,25) (10,65) (65,97) (97,32) (32,23) (23,33) (33,71) (71,98) (82,1) (1,39) (39,70) (70,98) (98,16) (16,49) (49,83) (83,45) (45,99) (99,75) (75,81) (81,45) (45,77) (77,11) (11,27) (27,14) (14,36) (36,36) (36,64) (64,99) (99,32) (32,75) (75,19) (19,100) (100,34) (3,10) (43,58)
47
(19,96) (96,63) (63,1) (1,15) (15,45) (45,77) (77,48) (48,49) (49,48) (48,39) (39,90) (90,41) (41,17) (17,42) (42,22) (22,52) (52,76) (76,1) (1,36) (36,83) (83,22) (22,54) (54,29) (29,49) (49,48) (48,2) (2,30) (30,21) (21,35) (35,41) (41,54) (54,56) (56,29) (29,76) (76,32) (32,12) (12,87) (87,34) (34,66) (66,84) (84,54) (54,33) (33,96) (96,1) (1,57) (57,20) (20,1)
48
(88,90) (90,87) (87,69) (69,88) (88,62) (62,64) (64,46) (46,54) (54,32) (32,78) (32,21) (21,16) (16,23) (23,32) (32,81) (81,95) (95,89) (89,4) (4,92) (92,29) (29,100) (100,49) (49,47) (86,43) (43,57) (57,4) (4,60) (60,5) (5,64) (64,97) (97,35) (35,68) (68,64) (64,63) (63,7) (7,38) (38,75) (75,79) (79,60) (60,46) (46,47) (47,19) (19,77) (77,96) (96,48) (48,46) (46,8) (8,100)
48
(89,30) (30,56) (56,37) (37,79) (79,63) (63,99) (99,58) (58,97) (97,2) (2,61) (61,41) (41,25) (25,82) (82,58) (58,29) (29,19) (19,4) (4,42) (42,13) (13,40) (40,9) (9,52) (52,2) (2,37) (37,91) (91,95) (95,100) (100,72) (72,98) (98,21) (21,82) (82,34) (34,94) (94,39) (39,14) (14,64) (64,67) (67,4) (4,18) (18,43) (43,13) (13,72) (72,51) (51,34) (34,40) (40,71) (71,55) (55,38)
49
(70,50) (50,17) (17,12) (12,79) (79,4) (4,29) (29,53) (53,75) (75,13) (13,6) (6,85) (85,2) (2,49) (49,53) (53,74) (74,45) (45,13) (13,89) (89,56) (1,42) (42,95) (95,45) (45,61) (61,52) (52,84) (84,35) (35,53) (53,39) (39,78) (78,57) (57,29) (29,73) (73,81) (81,42) (42,2) (2,25) (25,58) (58,4) (4,64) (64,83) (83,43) (43,26) (26,79) (79,100) (100,43) (43,27) (27,7) (7,77) (77,30)
49
(17,82) (82,24) (24,63) (63,26) (26,82) (82,66) (66,18) (18,27) (27,50) (50,32) (32,59) (59,68) (68,70) (70,56) (56,91) (91,9) (9,34) (34,15) (15,34) (34,83) (83,6) (6,47) (47,95) (95,98) (98,74) (74,33) (33,23) (23,21) (21,43) (43,70) (70,62) (62,15) (15,25) (25,32) (32,67) (67,12) (12,47) (47,35) (35,42) (42,23) (23,50) (50,16) (16,42) (42,10) (10,36) (36,76) (76,100) (100,55) (55,52)
50
(76,29) (29,21) (21,35) (35,61) (61,52) (52,28) (28,9) (9,3) (3,49) (49,47) (47,38) (38,73) (73,18) (18,61) (61,26) (26,65) (65,58) (38,4) (4,73) (73,63) (63,21) (21,65) (65,78) (78,77) (77,53) (53,43) (43,47) (47,74) (74,58) (58,69) (69,62) (62,79) (79,99) (99,62) (62,71) (71,17) (17,96) (96,14) (14,39) (39,8) (8,89) (89,10) (10,3) (3,96) (96,32) (32,9) (9,72) (72,19) (19,30) (30,82)
50
(46,51) (51,59) (59,51) (51,49) (49,63) (63,82) (82,44) (44,52) (52,89) (89,41) (41,90) (90,33) (33,16) (16,31) (31,52) (52,25) (25,50) (50,83) (83,37) (37,34) (34,6) (6,66) (66,58) (58,47) (47,54) (54,83) (83,84) (84,46) (46,74) (74,45) (45,26) (26,89) (89,6) (6,48) (48,31) (31,76) (76,27) (27,85) (85,19) (19,25) (25,92) (92,100) (100,87) (87,12) (12,23) (23,37) (37,88) (88,37) (37,23) (23,82)
51
(21,6) (6,7) (7,70) (70,23) (23,12) (12,61) (61,20) (20,69) (69,55) (55,17) (17,59) (59,37) (37,38) (38,70) (70,18) (18,96) (96,18) (18,54) (54,34) (34,30) (30,30) (30,65) (65,32) (32,45) (45,88) (88,35) (35,26) (26,10) (10,16) (16,2) (2,23) (7,20) (20,83) (83,30) (30,93) (93,38) (38,79) (79,78) (78,20) (20,62) (62,61) (61,45) (45,46) (46,10) (10,7) (7,30) (30,63) (63,46) (46,5) (5,100) (100,9)
51
(95,28) (28,85) (85,18) (18,84) (84,57) (57,50) (50,38) (38,30) (30,50) (50,44) (44,89) (89,40) (40,27) (27,16) (16,21) (21,24) (24,32) (32,67) (67,46) (46,5) (5,92) (92,100) (100,97) (97,19) (19,69) (69,34) (34,56) (56,31) (31,5) (5,86) (86,6) (6,73) (73,6) (6,87) (87,33) (33,2) (2,28) (28,95) (95,22) (22,11) (11,62) (62,62) (62,66) (66,61) (61,84) (84,9) (9,87) (87,63) (63,69) (69,61) (61,50)
52
(31,79) (79,79) (79,45) (45,76) (76,59) (59,87) (87,66) (66,94) (94,69) (69,71) (71,49) (49,67) (67,93) (93,91) (91,59) (12,28) (28,72) (72,17) (17,7) (7,75) (75,47) (47,56) (56,97) (97,81) (81,5) (5,75) (75,28) (28,8) (8,60) (60,93) (93,74) (74,59) (59,16) (45,22) (100,41) (41,90) (90,73) (73,49) (49,98) (98,50) (50,3) (3,5) (5,22) (22,26) (26,86) (86,61) (61,18) (18,70) (70,92) (92,14) (14,85) (85,92)
52
(98,61) (61,64) (64,81) (81,84) (84,85) (85,69) (69,1) (1,39) (39,59) (59,64) (64,25) (25,90) (90,57) (57,90) (90,34) (34,2) (2,43) (43,98) (98,59) (59,49) (49,81) (81,86) (86,87) (87,25) (25,24) (24,72) (72,58) (58,20) (20,25) (25,41) (41,67) (67,62) (62,1) (1,66) (66,92) (92,70) (70,38) (38,9) (9,15) (15,38) (38,11) (11,90) (90,50) (50,15) (15,58) (58,16) (16,13) (13,43) (43,62) (62,64) (64,45) (45,76)
53
(58,27) (27,24) (24,24) (24,20) (42,95) (95,36) (36,99) (99,81) (81,32) (32,23) (23,47) (47,62) (62,61) (61,75) (75,74) (74,69) (69,68) (68,4) (4,1) (1,18) (18,35) (35,11) (11,10) (10,57) (57,74) (74,39) (39,96) (96,61) (61,10) (10,26) (26,15) (15,49) (49,48) (48,73) (60,37) (37,62) (62,47) (47,41) (41,51) (51,32) (32,98) (98,10) (10,20) (20,24) (24,23) (23,97) (97,1) (1,17) (17,75) (75,74) (74,34) (34,52) (52,73)
53
(27,66) (66,10) (10,73) (73,58) (58,86) (86,1) (1,90) (90,1) (1,41) (41,17) (17,55) (55,8) (8,1) (1,94) (94,26) (26,57) (57,100) (100,33) (33,86) (86,95) (95,43) (43,51) (51,16) (16,31) (31,60) (60,94) (94,73) (73,26) (26,3) (3,45) (45,99) (99,87) (87,85) (85,86) (86,46) (46,96) (96,39) (39,65) (65,95) (95,96) (96,82) (82,7) (7,79) (79,98) (98,59) (59,82) (82,64) (64,7) (7,4) (4,77) (77,24) (24,44) (44,56)
54
(71,1) (1,92) (92,50) (50,76) (76,89) (89,28) (28,4) (4,61) (61,93) (93,1) (1,79) (79,58) (58,5) (23,87) (87,39) (39,59) (59,6) (6,31) (31,96) (96,8) (8,51) (51,55) (55,87) (87,97) (97,10) (10,14) (14,64) (64,67) (67,77) (77,44) (44,14) (14,84) (84,64) (64,74) (74,92) (92,21) (21,75) (75,92) (92,66) (66,41) (41,32) (32,74) (74,6) (85,54) (54,13) (13,38) (38,2) (2,38) (38,77) (77,31) (12,83) (83,81) (81,8) (8,83)
54
(35,78) (78,100) (100,67) (67,100) (100,30) (30,61) (61,46) (46,95) (95,20) (20,54) (54,18) (18,15) (15,52) (52,1) (1,24) (24,76) (76,41) (41,68) (68,85) (85,21) (21,44) (44,72) (72,58) (58,6) (6,94) (94,90) (90,66) (66,20) (20,92) (92,46) (46,88) (88,53) (53,50) (50,98) (98,4) (4,32) (32,36) (36,82) (82,98) (98,66) (66,78) (78,22) (22,65) (65,60) (60,62) (62,83) (83,37) (37,67) (67,26) (26,42) (42,21) (21,53) (53,47) (47,24)
55
(42,78) (78,58) (58,47) (47,62) (62,8) (8,62) (62,8) (8,46) (46,55) (55,27) (27,12) (12,79) (79,85) (85,99) (99,33) (33,15) (15,61) (61,48) (48,68) (68,90) (90,98) (98,85) (85,29) (29,12) (12,2) (2,94) (94,92) (92,92) (92,81) (81,67) (67,100) (100,12) (12,73) (73,85) (85,73) (73,95) (95,80) (80,86) (67,5) (5,96) (96,82) (82,39) (39,75) (75,73) (73,70) (70,92) (92,66) (66,74) (74,36) (36,37) (37,54) (54,11) (11,8) (8,6) (6,8)
55
(93,20) (20,95) (95,22) (22,72) (72,92) (92,81) (81,54) (54,34) (34,42) (42,95) (95,52) (52,79) (79,6) (6,5) (5,73) (73,63) (63,18) (18,34) (34,28) (28,96) (96,35) (35,41) (41,65) (65,85) (85,54) (54,84) (84,52) (52,55) (55,52) (52,1) (1,54) (54,33) (33,44) (44,78) (78,87) (87,37) (37,42) (42,22) (22,61) (61,26) (26,20) (20,11) (11,87) (87,81) (81,57) (57,52) (52,13) (13,40) (40,43) (43,84) (84,98) (98,78) (78,19) (19,26) (26,96)
56
(92,89) (35,32) (32,31) (31,77) (77,50) (50,23) (23,36) (47,7) (7,29) (13,49) (49,88) (88,94) (94,38) (38,45) (45,28) (28,98) (98,2) (2,45) (45,88) (88,20) (20,34) (34,65) (65,18) (18,82) (82,98) (98,26) (26,82) (82,37) (37,23) (23,57) (51,52) (52,32) (32,39) (39,82) (82,74) (74,46) (46,57) (57,39) (39,99) (54,68) (68,100) (100,70) (80,95) (95,96) (50,24) (24,69) (69,25) (25,96) (96,85) (85,3) (3,91) (91,49) (49,33) (33,9) (9,48) (48,84)
56
(64,94) (94,20) (20,94) (94,11) (11,82) (82,86) (86,61) (61,9) (9,40) (40,82) (82,12) (12,25) (25,60) (60,22) (22,59) (59,80) (80,72) (72,25) (25,41) (41,98) (98,65) (65,86) (86,58) (58,91) (91,56) (56,81) (81,56) (56,16) (16,95) (95,31) (31,91) (91,36) (36,6) (6,65) (65,63) (63,36) (36,94) (94,12) (12,85) (85,97) (97,92) (92,70) (70,87) (87,7) (7,20) (20,1) (1,89) (89,83) (83,32) (32,56) (56,31) (31,60) (60,24) (24,50) (50,61) (61,48)
57
(6,27) (27,17) (17,83) (83,58) (58,89) (89,87) (87,73) (73,38) (38,68) (68,23) (23,49) (49,9) (9,2) (2,96) (96,29) (29,90) (90,40) (40,68) (68,91) (91,39) (39,68) (68,89) (89,62) (12,28) (28,91) (88,66) (66,37) (37,96) (96,89) (89,64) (64,94) (94,67) (67,43) (43,84) (84,7) (7,80) (80,92) (92,91) (91,50) (50,26) (26,69) (69,67) (67,66) (66,90) (90,11) (11,64) (64,60) (60,20) (20,56) (56,64) (64,99) (99,25) (25,60) (60,63) (63,14) (14,1) (1,100)
57
(29,85) (85,50) (50,87) (87,29) (29,83) (83,53) (53,52) (52,89) (89,50) (50,30) (30,28) (28,80) (80,91) (91,85) (85,36) (36,9) (9,48) (48,100) (100,48) (48,83) (83,18) (18,63) (63,29) (29,97) (97,45) (45,8) (8,36) (36,89) (89,82) (82,16) (16,13) (13,17) (17,79) (79,5) (5,46) (46,92) (92,99) (99,43) (43,49) (49,99) (99,20) (20,82) (82,8) (8,2) (2,99) (99,34) (34,31) (31,92) (92,33) (33,19) (19,19) (19,96) (96,86) (86,21) (21,89) (89,90) (90,56)
58
(41,97) (97,33) (98,28) (28,23) (23,36) (36,33) (33,97) (97,22) (22,26) (26,25) (25,2) (2,59) (59,11) (11,27) (27,78) (78,64) (64,47) (47,72) (72,78) (78,91) (91,95) (95,21) (21,31) (31,35) (2,67) (95,43) (43,49) (49,80) (80,99) (99,27) (27,26) (26,37) (37,77) (77,8) (8,64) (64,3) (3,27) (27,84) (84,60) (60,11) (11,47) (47,95) (95,61) (73,78) (78,83) (83,28) (28,89) (89,37) (33,67) (67,77) (77,39) (39,73) (73,74) (74,19) (19,43) (43,12) (12,55) (55,97)
58
(77,85) (85,10) (10,9) (9,23) (23,62) (62,19) (19,94) (94,55) (55,20) (20,67) (67,88) (88,91) (91,77) (77,20) (20,56) (56,66) (66,57) (57,91) (91,91) (91,77) (77,30) (30,75) (75,34) (34,4) (4,17) (17,55) (55,56) (56,16) (16,86) (86,18) (18,93) (93,78) (78,95) (95,87) (87,1) (1,52) (52,20) (20,44) (44,69) (69,93) (93,57) (57,38) (38,28) (28,29) (29,84) (84,13) (13,18) (18,90) (90,83) (83,86) (86,78) (78,20) (20,24) (24,7) (7,13) (13,3) (3,8) (8,1)
59
(98,45) (45,29) (29,88) (88,53) (53,84) (36,48) (48,7) (7,20) (20,76) (76,99) (99,93) (93,55) (55,87) (87,18) (18,90) (90,56) (56,84) (84,38) (38,21) (47,16) (16,85) (85,41) (41,53) (53,50) (50,45) (45,80) (80,13) (13,44) (44,61) (61,76) (76,89) (89,43) (43,89) (89,97) (97,6) (6,84) (84,68) (68,57) (57,38) (38,99) (99,79) (79,96) (96,44) (44,41) (41,90) (90,50) (50,18) (18,49) (49,93) (93,16) (16,89) (89,40) (40,40) (40,65) (65,15) (15,78) (78,73) (73,74) (74,85)
59
(95,86) (86,97) (97,88) (88,58) (58,24) (24,50) (50,74) (74,14) (14,45) (45,71) (71,31) (31,76) (76,70) (70,42) (42,94) (94,31) (31,83) (83,70) (70,61) (61,20) (20,31) (31,60) (60,88) (88,53) (53,66) (66,85) (85,91) (91,99) (99,80) (80,14) (14,50) (50,39) (39,28) (28,23) (23,16) (16,32) (32,41) (41,56) (56,63) (63,49) (49,36) (36,83) (83,86) (86,81) (81,21) (21,22) (22,41) (41,78) (78,47) (47,26) (26,11) (11,61) (61,21) (21,25) (25,18) (18,89) (89,37) (37,19) (19,96)
60
(6,31) (31,64) (64,15) (15,36) (36,91) (91,52) (52,76) (76,94) (94,78) (78,66) (66,99) (99,46) (46,36) (36,18) (18,74) (74,84) (84,35) (35,26) (26,23) (23,6) (6,3) (3,3) (3,86) (86,1) (1,45) (45,74) (74,59) (59,36) (36,21) (21,78) (78,95) (7,7) (7,95) (95,2) (2,84) (84,24) (24,24) (24,40) (40,9) (9,93) (93,57) (57,7) (7,7) (70,52) (52,27) (27,64) (64,77) (77,89) (89,36) (36,49) (49,36) (36,34) (34,91) (91,37) (37,16) (16,30) (30,25) (25,36) (36,54) (54,52)
60
(17,66) (66,49) (49,95) (95,62) (62,11) (11,14) (14,42) (42,65) (65,42) (42,74) (74,63) (63,42) (42,11) (11,68) (68,30) (30,87) (87,82) (82,82) (82,21) (21,86) (86,87) (87,86) (86,27) (27,1) (1,62) (62,59) (59,15) (15,23) (23,87) (87,61) (61,15) (15,18) (18,53) (53,17) (17,75) (75,86) (86,96) (96,57) (57,31) (31,44) (44,74) (74,16) (16,61) (61,48) (48,79) (79,53) (53,32) (32,40) (40,61) (61,18) (18,18) (18,54) (54,36) (36,65) (65,50) (50,3) (3,71) (71,98) (98,75) (75,41)
EXIT
