2
(38,67) (67,20)
3
(44,88) (48,84) (84,24)
3
(26,18) (18,90) (90,43)
4
(1,56) (56,75) (75,24) (24,12)
5
(43,84) (84,86) (86,17) (17,54) (54,22)
6
(14,7) (44,51) (51,41) (41,40) (40,67) (67,65)
6
(51,16) (16,20) (20,82) (82,56) (56,34) (34,99)
7
(32,24) (24,5) (5,92) (92,94) (94,34) (34,28) (28,95)
8
(92,41) (41,88) (88,55) (55,97) (41,18) (18,14) (14,13) (13,88)
8
(13,29) (29,28) (28,9) (9,72) (72,9) (9,30) (30,60) (60,21)
9
(98,88) (88,100) (100,81) (81,93) (93,78) (78,55) (55,81) (81,31) (31,79)
10
(10,8) (8,62) (62,59) (59,79) (79,100) (100,27) (27,15) (15,73) (73,15) (15,79)
10
(94,15) (15,49) (49,73) (73,18) (18,44) (44,24) (24,97) (97,78) (78,38) (38,77)
11
(29,61) (61,54) (54,8) (78,75) (75,39) (39,58) (58,65) (65,41) (41,44) (44,45) (85,41)
11
(26,100) (100,2) (2,64) (64,62) (62,77) (77,55) (55,1) (1,48) (48,93) (93,4) (4,46)
12
(87,5) (5,33) (33,42) (42,40) (40,27) (27,51) (51,66) (66,76) (76,20) (88,52) (52,71) (71,65)
12
(74,15) (15,96) (96,10) (10,24) (24,37) (37,94) (94,2) (2,76) (76,2) (2,85) (85,42) (42,70)
13
(58,2) (2,52) (52,13) (13,81) (81,25) (25,70) (70,41) (41,96) (96,49) (49,15) (15,69) (69,18) (18,77)
14
(98,69) (69,94) (94,79) (79,14) (50,34) (53,97) (97,18) (18,88) (88,69) (55,68) (68,16) (16,25) (37,95) (95,88)
14
(78,38) (38,21) (21,26) (26,61) (61,47) (47,79) (79,45) (45,35) (35,92) (92,90) (90,42) (42,11) (11,71) (71,90)
15
(38,25) (25,53) (53,21) (21,4) (4,21) (21,26) (26,85) (85,57) (57,73) (73,28) (28,68) (68,55) (55,68) (68,95) (95,2)
16
(35,39) (39,89) (89,30) (30,11) (11,37) (37,24) (24,88) (59,38) (38,63) (63,79) (79,51) (51,12) (12,39) (39,74) (74,34) (34,62)
16
(96,76) (76,4) (4,71) (71,43) (43,30) (30,52) (52,51) (51,37) (37,15) (15,87) (87,17) (17,20) (20,84) (84,76) (76,8) (8,90)
17
(39,94) (94,37) (37,81) (81,70) (70,96) (96,71) (71,94) (94,5) (5,70) (70,94) (94,3) (3,58) (58,96) (96,93) (93,36) (36,53) (53,78)
18
(75,90) (90,17) (58,50) (50,84) (84,51) (51,96) (96,57) (57,8) (8,47) (47,33) (33,1) (1,39) (39,27) (27,47) (47,20) (20,79) (79,37) (37,26)
18
(30,51) (51,47) (47,95) (95,54) (54,93) (93,26) (26,17) (17,9) (9,54) (54,5) (5,98) (98,42) (42,98) (98,8) (8,30) (30,9) (9,11) (11,8)
19
(90,83) (83,52) (52,68) (68,30) (30,93) (93,1) (1,95) (95,31) (31,26) (26,74) (74,28) (28,96) (96,20) (20,10) (10,92) (92,72) (72,66) (66,9) (9,11)
20
(98,75) (75,23) (23,8) (8,14) (14,86) (86,5) (5,51) (51,86) (86,37) (37,65) (65,65) (65,56) (56,14) (14,96) (96,26) (26,55) (55,30) (30,70) (70,85) (85,19)
21
(22,95) (95,53) (53,87) (87,4) (4,33) (33,46) (46,53) (53,39) (39,49) (49,96) (96,38) (38,47) (28,82) (82,32) (32,21) (21,26) (26,52) (52,29) (29,36) (36,6) (85,83)
21
(2,87) (87,100) (100,84) (84,9) (9,68) (68,4) (4,65) (65,13) (13,42) (42,92) (92,64) (64,29) (29,99) (99,69) (69,43) (43,89) (89,61) (61,37) (37,57) (57,99) (99,64)
22
(73,2) (2,39) (39,26) (26,45) (45,59) (59,19) (19,52) (52,45) (45,38) (38,17) (17,79) (79,13) (13,74) (74,75) (3,38) (38,36) (36,65) (65,10) (10,46) (46,96) (96,92) (92,5)
22
(40,100) (100,69) (69,84) (84,29) (29,35) (35,86) (86,22) (22,18) (18,44) (44,39) (39,16) (16,41) (41,6) (6,47) (47,67) (67,64) (64,39) (39,14) (14,67) (67,6) (6,16) (16,77)
23
(47,96) (96,78) (78,51) (51,45) (45,13) (52,57) (57,41) (41,7) (7,49) (49,93) (93,37) (37,76) (76,88) (88,92) (92,43) (43,24) (24,30) (30,27) (27,84) (84,52) (52,16) (16,62) (62,52)
23
(63,7) (7,46) (46,37) (37,52) (52,29) (29,18) (18,46) (46,62) (62,48) (48,72) (72,42) (42,5) (5,52) (52,41) (41,97) (97,7) (7,66) (66,86) (86,41) (41,19) (19,52) (52,47) (47,47)
24
(1,20) (20,18) (18,57) (57,33) (33,65) (65,34) (34,37) (37,57) (57,14) (14,16) (16,7) (7,51) (51,29) (29,14) (14,25) (25,22) (22,88) (88,47) (47,100) (100,52) (52,17) (17,89) (1,72) (72,65)
24
(61,82) (82,9) (9,58) (58,19) (19,68) (68,59) (59,27) (27,79) (79,81) (81,67) (67,67) (67,64) (64,11) (11,10) (10,68) (68,9) (9,62) (62,20) (20,67) (67,11) (11,37) (37,7) (7,44) (44,48)
25
(76,84) (84,79) (79,91) (91,12) (12,33) (83,56) (56,95) (95,77) (77,72) (72,56) (56,70) (70,88) (88,61) (61,27) (27,7) (7,12) (12,50) (50,47) (47,14) (14,54) (54,57) (57,32) (40,37) (37,73) (73,4)
25
(71,14) (14,46) (46,60) (60,60) (60,84) (84,71) (71,11) (11,70) (70,60) (60,87) (87,40) (40,97) (97,37) (37,95) (95,12) (12,28) (28,95) (95,6) (6,13) (13,56) (56,89) (89,18) (18,82) (82,27) (27,51)
26
(27,43) (78,27) (27,82) (50,95) (95,96) (96,65) (65,26) (26,3) (3,54) (54,50) (50,3) (6,43) (43,31) (31,80) (80,73) (73,92) (92,99) (99,79) (79,71) (71,94) (94,44) (44,34) (34,65) (65,37) (37,34) (34,20)
26
(53,26) (26,82) (82,40) (40,70) (70,3) (3,43) (43,53) (53,19) (19,60) (60,6) (6,44) (44,60) (60,23) (23,58) (58,47) (47,52) (52,7) (7,2) (2,98) (98,35) (35,28) (28,49) (49,28) (28,5) (5,93) (93,61)
27
(61,88) (88,61) (61,61) (49,97) (97,57) (57,37) (37,75) (75,21) (21,48) (48,51) (92,1) (1,74) (74,78) (78,31) (31,58) (58,33) (33,29) (29,28) (28,41) (41,95) (95,86) (86,41) (41,8) (8,96) (96,83) (83,81) (81,48)
27
(64,37) (37,45) (45,13) (13,44) (44,4) (4,29) (29,50) (50,19) (19,26) (26,23) (23,61) (61,44) (44,33) (33,27) (27,31) (31,26) (26,27) (27,78) (78,23) (23,27) (27,12) (12,28) (28,65) (65,31) (31,87) (87,39) (39,10)
28
(43,76) (76,54) (54,48) (48,95) (95,70) (70,63) (81,51) (51,13) (13,47) (47,75) (75,23) (23,92) (92,23) (23,77) (77,48) (48,76) (72,96) (96,69) (69,77) (77,38) (38,15) (13,62) (62,1) (1,39) (39,62) (62,35) (35,23) (23,30)
28
(28,23) (23,64) (64,67) (67,40) (40,25) (25,73) (73,95) (95,6) (6,16) (16,46) (46,11) (11,99) (99,77) (77,81) (81,56) (56,76) (76,82) (82,53) (53,18) (18,54) (54,37) (37,6) (6,16) (16,70) (70,59) (59,26) (26,14) (14,75)
29
(50,80) (80,51) (51,4) (4,23) (23,6) (6,20) (20,37) (37,4) (4,80) (80,82) (82,55) (55,10) (10,87) (87,62) (62,1) (1,12) (12,95) (95,46) (46,96) (96,33) (33,19) (19,13) (13,24) (31,49) (49,94) (94,4) (4,89) (89,12) (12,24)
29
(78,96) (96,28) (28,3) (3,80) (80,21) (21,19) (19,47) (47,33) (33,1) (1,50) (50,5) (5,85) (85,20) (20,68) (68,85) (85,94) (94,99) (99,71) (71,83) (83,70) (70,86) (86,88) (88,24) (24,29) (29,14) (14,4) (4,38) (38,68) (68,69)
30
(73,22) (22,41) (41,70) (70,31) (31,18) (18,2) (2,36) (36,70) (70,32) (32,43) (43,67) (67,96) (96,9) (9,52) (52,69) (69,64) (64,22) (22,93) (93,58) (58,24) (75,18) (18,62) (62,68) (68,70) (70,15) (15,68) (68,21) (21,57) (57,78) (78,24)
30
(14,100) (100,56) (56,58) (58,14) (14,72) (72,47) (47,39) (39,46) (46,28) (28,83) (83,6) (6,94) (94,81) (81,45) (45,71) (71,57) (57,100) (100,47) (47,10) (10,67) (67,32) (32,73) (73,22) (22,25) (25,11) (11,83) (83,5) (5,33) (33,43) (43,8)
31
(21,43) (43,12) (12,90) (90,27) (27,97) (97,27) (27,98) (98,37) (37,74) (74,78) (78,80) (80,80) (80,17) (17,13) (13,30) (30,5) (5,5) (5,81) (81,58) (7,29) (29,19) (19,51) (51,82) (82,80) (80,39) (39,98) (98,36) (36,19) (19,88) (94,79) (79,88)
31
(5,54) (54,58) (58,27) (27,55) (55,9) (9,23) (23,34) (34,30) (30,14) (14,28) (28,57) (57,33) (33,20) (20,16) (16,96) (96,17) (17,16) (16,75) (75,62) (62,9) (9,35) (35,75) (75,82) (82,27) (27,40) (40,90) (90,9) (9,68) (68,33) (33,71) (71,69)
32
(33,46) (46,98) (98,67) (67,43) (43,22) (22,99) (99,31) (31,22) (22,43) (43,42) (42,3) (3,92) (38,71) (71,85) (85,56) (56,56) (56,72) (72,82) (82,93) (93,25) (25,71) (71,90) (90,9) (9,50) (50,66) (66,16) (28,12) (12,46) (46,74) (74,72) (72,57) (57,57)
32
(16,24) (24,34) (34,22) (22,30) (30,36) (36,45) (45,29) (29,100) (100,33) (33,37) (37,91) (91,92) (92,80) (80,89) (89,22) (22,51) (51,57) (57,31) (31,26) (26,44) (44,25) (25,91) (91,5) (5,32) (32,2) (2,44) (44,38) (38,74) (74,25) (25,91) (91,30) (30,16)
33
(77,21) (21,68) (68,39) (39,39) (39,98) (98,40) (40,64) (64,69) (69,41) (41,100) (100,61) (61,19) (19,14) (14,3) (3,60) (60,35) (35,24) (24,39) (39,85) (85,63) (63,9) (9,6) (6,87) (87,5) (64,55) (55,8) (8,32) (32,50) (50,6) (6,45) (45,32) (32,63) (63,45)
33
(17,56) (56,35) (35,54) (54,49) (49,68) (68,62) (62,23) (23,26) (26,30) (30,91) (91,67) (67,29) (29,11) (11,12) (12,70) (70,38) (38,59) (59,45) (45,37) (37,60) (60,21) (21,44) (44,28) (28,51) (51,1) (1,34) (34,47) (47,100) (100,92) (92,32) (32,54) (54,25) (25,57)
34
(25,42) (42,6) (6,2) (2,70) (70,90) (90,61) (61,80) (80,39) (39,24) (24,32) (32,28) (28,38) (38,36) (59,48) (48,92) (52,80) (80,95) (95,3) (3,15) (15,53) (53,41) (41,31) (31,45) (45,17) (17,65) (65,25) (25,77) (77,40) (40,52) (52,36) (36,6) (6,21) (21,68) (68,60)
34
(90,32) (32,80) (80,54) (54,75) (75,61) (61,98) (98,74) (74,16) (16,55) (55,90) (90,90) (90,11) (11,10) (10,15) (15,8) (8,20) (20,5) (5,67) (67,3) (3,83) (83,51) (51,24) (24,21) (21,10) (10,75) (75,5) (5,5) (5,71) (71,66) (66,59) (59,6) (6,28) (28,56) (56,51)
35
(19,29) (29,5) (5,42) (42,10) (10,93) (93,29) (37,99) (99,10) (10,34) (34,15) (15,8) (8,90) (90,9) (9,43) (43,48) (48,80) (80,70) (70,28) (28,74) (74,26) (26,46) (46,34) (34,55) (55,69) (69,58) (58,47) (47,5) (5,98) (98,39) (39,9) (9,87) (87,41) (17,7) (58,35) (35,8)
35
(45,8) (8,83) (83,64) (64,49) (49,29) (29,88) (88,74) (74,14) (14,58) (58,33) (33,89) (89,40) (40,97) (97,87) (87,82) (82,18) (18,26) (26,17) (17,14) (14,46) (46,87) (87,89) (89,21) (21,19) (19,18) (18,17) (17,63) (63,26) (26,50) (50,6) (6,50) (50,92) (92,65) (65,36) (36,51)
36
(8,23) (23,77) (77,67) (67,73) (73,18) (18,52) (52,71) (71,11) (11,46) (46,66) (66,44) (44,54) (54,100) (100,90) (90,6) (6,86) (86,74) (74,30) (30,48) (48,61) (61,38) (38,23) (23,65) (65,14) (14,4) (4,1) (1,13) (13,75) (75,98) (98,42) (42,24) (24,96) (96,13) (66,18) (18,13) (13,93)
36
(32,42) (42,17) (17,82) (82,98) (98,80) (80,16) (16,24) (24,86) (86,65) (65,78) (78,63) (63,3) (3,81) (81,39) (39,51) (51,42) (42,31) (31,24) (24,65) (65,19) (19,60) (60,26) (26,86) (86,20) (20,86) (86,26) (26,25) (25,52) (52,87) (87,36) (36,18) (18,40) (40,5) (5,75) (75,57) (57,3)
37
(57,51) (51,72) (72,86) (86,74) (74,78) (78,56) (56,13) (13,60) (60,88) (88,23) (23,42) (65,63) (63,16) (16,78) (78,46) (46,98) (98,94) (94,86) (86,15) (6,16) (16,38) (48,41) (41,1) (1,6) (6,97) (97,70) (70,88) (88,37) (37,84) (84,53) (53,72) (72,34) (34,94) (94,38) (38,8) (8,64) (64,44)
37
(91,19) (19,5) (5,51) (51,77) (77,35) (35,4) (4,3) (3,70) (70,29) (29,7) (7,29) (29,97) (97,25) (25,78) (78,22) (22,51) (51,4) (4,53) (53,82) (82,42) (42,16) (16,47) (47,16) (16,75) (75,99) (99,43) (43,83) (83,88) (88,10) (10,42) (42,50) (50,95) (95,7) (7,80) (80,21) (21,8) (8,57)
38
(19,71) (71,18) (18,97) (97,3) (3,77) (77,92) (92,7) (7,45) (45,21) (21,8) (8,87) (87,100) (100,68) (68,3) (3,49) (49,34) (34,13) (13,2) (2,50) (50,12) (12,14) (14,36) (36,10) (10,72) (72,97) (97,40) (40,95) (95,74) (74,11) (11,80) (80,97) (97,94) (94,22) (22,44) (44,83) (83,42) (42,28) (28,18)
39
(75,10) (10,70) (70,42) (40,7) (7,18) (18,52) (52,6) (86,93) (93,6) (6,48) (48,94) (94,58) (58,67) (67,91) (91,95) (95,48) (48,91) (91,35) (35,81) (81,85) (85,25) (25,32) (32,79) (79,83) (83,84) (84,76) (76,76) (76,6) (6,86) (86,3) (3,54) (54,5) (5,36) (36,99) (99,28) (28,56) (56,76) (76,20) (20,41)
39
(18,83) (83,91) (91,6) (6,35) (35,59) (59,4) (4,94) (94,77) (77,14) (14,77) (77,20) (20,35) (35,48) (48,22) (22,60) (60,74) (74,6) (6,64) (64,13) (13,68) (68,42) (42,82) (82,44) (44,98) (98,53) (53,49) (49,92) (92,34) (34,12) (12,15) (15,96) (96,1) (1,4) (4,61) (61,73) (73,71) (71,48) (48,16) (16,89)
40
(65,34) (34,82) (82,20) (20,42) (42,88) (88,39) (39,53) (53,69) (69,68) (68,79) (79,68) (68,9) (9,83) (83,25) (25,26) (26,37) (37,32) (32,87) (87,98) (98,26) (26,71) (71,30) (30,18) (18,19) (19,87) (87,68) (68,78) (78,7) (7,9) (9,90) (90,35) (35,68) (68,63) (63,46) (46,63) (63,78) (78,11) (11,4) (4,60) (60,73)
41
(19,50) (50,21) (21,65) (65,96) (96,17) (17,36) (36,56) (56,24) (24,3) (3,85) (85,66) (66,44) (38,19) (19,2) (2,58) (58,55) (55,43) (43,82) (82,46) (46,18) (18,63) (63,16) (16,84) (84,93) (93,14) (14,87) (87,47) (47,63) (63,69) (69,63) (63,86) (86,45) (45,50) (50,20) (20,57) (57,18) (18,35) (35,64) (64,51) (51,36) (36,87)
41
(24,25) (25,5) (5,80) (80,17) (17,48) (48,12) (12,27) (27,72) (72,20) (20,85) (85,52) (52,40) (40,33) (33,3) (3,75) (75,24) (24,98) (98,15) (15,51) (51,66) (66,17) (17,95) (95,34) (34,75) (75,84) (84,97) (97,72) (72,79) (79,5) (5,7) (7,37) (37,25) (25,20) (20,52) (52,49) (49,24) (24,90) (90,65) (65,26) (26,50) (50,97)
42
(20,78) (78,100) (100,53) (53,43) (43,56) (56,51) (51,16) (16,56) (56,74) (74,99) (99,70) (70,94) (94,44) (44,75) (75,71) (71,6) (6,1) (1,25) (25,68) (68,51) (51,94) (94,49) (49,81) (81,28) (86,4) (4,6) (6,51) (51,46) (46,60) (60,82) (26,57) (57,90) (90,4) (4,67) (67,94) (94,62) (62,64) (64,72) (72,94) (94,19) (19,69) (69,45)
42
(98,28) (28,52) (52,43) (43,1) (1,58) (58,77) (77,4) (4,82) (82,65) (65,23) (23,11) (11,61) (61,93) (93,23) (23,31) (31,54) (54,99) (99,73) (73,85) (85,18) (18,22) (22,78) (78,13) (13,57) (57,75) (75,19) (19,81) (81,30) (30,28) (28,19) (19,40) (40,61) (61,67) (67,52) (52,88) (88,6) (6,64) (64,89) (89,98) (98,44) (44,78) (78,95)
43
(85,74) (74,92) (92,40) (40,46) (46,74) (74,26) (26,63) (63,48) (48,54) (54,16) (16,73) (73,87) (87,24) (24,92) (92,44) (19,56) (56,67) (67,1) (1,20) (20,14) (14,6) (6,43) (43,46) (46,97) (97,76) (76,64) (64,58) (58,73) (73,22) (22,29) (29,92) (92,10) (10,22) (22,87) (87,63) (63,90) (90,32) (32,50) (50,14) (14,88) (88,88) (88,57) (57,45)
43
(30,31) (31,98) (98,70) (70,16) (16,94) (94,41) (41,26) (26,43) (43,66) (66,39) (39,42) (42,59) (59,43) (43,3) (3,41) (41,46) (46,46) (46,29) (29,27) (27,6) (6,41) (41,84) (84,90) (90,46) (46,89) (89,73) (73,89) (89,93) (93,14) (14,12) (12,87) (87,72) (72,12) (12,64) (64,88) (88,71) (71,93) (93,35) (35,10) (10,25) (25,23) (23,19) (19,67)
44
(66,57) (57,75) (75,2) (2,13) (13,23) (23,29) (29,15) (15,94) (94,8) (8,60) (60,95) (95,44) (44,22) (22,36) (36,65) (65,13) (66,62) (62,48) (48,69) (69,26) (26,46) (46,5) (5,30) (30,8) (8,37) (37,47) (47,15) (15,65) (65,63) (63,10) (10,87) (45,32) (32,11) (11,49) (49,81) (81,35) (35,33) (33,49) (49,61) (61,98) (98,68) (68,11) (11,13) (13,76)
44
(18,18) (18,95) (95,3) (3,90) (90,28) (28,49) (49,27) (27,62) (62,46) (46,91) (91,60) (60,25) (25,81) (81,71) (71,80) (80,46) (46,85) (85,15) (15,50) (50,35) (35,75) (75,10) (10,46) (46,98) (98,95) (95,75) (75,5) (5,64) (64,32) (32,77) (77,16) (16,52) (52,47) (47,79) (79,43) (43,39) (39,6) (6,40) (40,47) (47,20) (20,38) (38,28) (28,18) (18,63)
45
(85,57) (57,60) (60,94) (94,20) (20,28) (28,8) (8,41) (41,41) (41,58) (58,34) (34,71) (71,64) (64,59) (59,23) (23,94) (94,62) (62,46) (46,43) (43,27) (9,76) (76,48) (48,76) (3,100) (100,78) (78,67) (67,68) (68,94) (94,19) (19,66) (66,19) (19,55) (55,33) (33,73) (73,18) (27,90) (90,76) (76,55) (55,49) (49,95) (95,62) (62,93) (38,99) (99,78) (78,6) (6,36)
45
(99,62) (62,62) (62,85) (85,77) (77,46) (46,7) (7,93) (93,46) (46,53) (53,20) (20,9) (9,27) (27,39) (39,72) (72,75) (75,28) (28,96) (96,5) (5,61) (61,27) (27,97) (97,89) (89,2) (2,16) (16,73) (73,12) (12,60) (60,20) (20,73) (73,30) (30,38) (38,93) (93,92) (92,40) (40,8) (8,7) (7,74) (74,84) (84,60) (60,75) (75,27) (27,76) (76,72) (72,71) (71,7)
46
(25,65) (65,23) (23,69) (69,37) (37,30) (30,16) (16,80) (93,62) (62,67) (67,52) (52,13) (13,96) (96,49) (49,8) (8,99) (99,100) (100,13) (47,58) (58,73) (60,90) (90,51) (99,2) (2,34) (34,87) (87,46) (46,30) (30,81) (81,32) (32,59) (59,51) (51,37) (37,92) (92,72) (72,15) (15,5) (5,39) (39,67) (67,52) (52,44) (44,100) (100,43) (43,53) (53,77) (77,7) (7,83) (83,52)
46
(73,2) (2,77) (77,16) (16,27) (27,80) (80,58) (58,83) (83,40) (40,14) (14,55) (55,100) (100,18) (18,82) (82,17) (17,17) (17,99) (99,28) (28,97) (97,28) (28,100) (100,37) (37,31) (31,31) (31,6) (6,62) (62,22) (22,22) (22,91) (91,29) (29,75) (75,1) (1,72) (72,20) (20,55) (55,72) (72,28) (28,93) (93,30) (30,1) (1,23) (23,67) (67,3) (3,16) (16,29) (29,13) (13,72)
47
(66,92) (92,6) (6,35) (35,58) (58,8) (8,94) (94,97) (97,36) (36,12) (14,82) (82,26) (26,8) (8,7) (7,35) (35,20) (20,87) (87,100) (100,30) (30,31) (31,79) (79,35) (35,12) (12,24) (24,61) (61,8) (8,20) (20,32) (32,82) (82,72) (72,69) (69,5) (5,60) (60,100) (100,13) (13,33) (33,1) (1,26) (26,53) (53,79) (79,53) (53,59) (59,57) (57,24) (24,58) (58,92) (92,47) (47,19)
47
(2,84) (84,28) (28,97) (97,62) (62,64) (64,89) (89,3) (3,80) (80,95) (95,80) (80,53) (53,58) (58,38) (38,79) (79,49) (49,72) (72,56) (56,36) (36,39) (39,96) (96,58) (58,47) (47,37) (37,55) (55,50) (50,72) (72,46) (46,98) (98,68) (68,62) (62,64) (64,88) (88,12) (12,45) (45,97) (97,73) (73,56) (56,5) (5,78) (78,42) (42,78) (78,83) (83,11) (11,60) (60,19) (19,73) (73,21)
48
(6,1) (1,25) (25,52) (52,71) (71,86) (86,64) (64,26) (26,10) (10,45) (45,46) (46,67) (67,57) (57,66) (66,37) (37,3) (99,14) (14,17) (17,65) (65,23) (23,9) (9,43) (43,30) (30,3) (3,9) (9,23) (23,94) (94,64) (64,24) (25,71) (71,61) (61,4) (4,5) (5,90) (90,18) (18,49) (49,19) (19,55) (55,31) (18,54) (54,79) (79,72) (72,71) (71,71) (71,49) (49,75) (75,44) (44,56) (56,66)
48
(52,45) (45,78) (78,11) (11,31) (31,8) (8,73) (73,91) (91,10) (10,60) (60,91) (91,45) (45,74) (74,6) (6,76) (76,74) (74,96) (96,36) (36,50) (50,67) (67,45) (45,29) (29,48) (48,14) (14,53) (53,93) (93,81) (81,66) (66,39) (39,12) (12,45) (45,21) (21,24) (24,6) (6,40) (40,99) (99,87) (87,23) (23,1) (1,68) (68,19) (19,64) (64,55) (55,19) (19,46) (46,39) (39,17) (17,21) (21,19)
49
(85,40) (40,28) (28,63) (63,78) (78,77) (77,64) (64,1) (1,49) (49,55) (55,58) (58,10) (10,17) (32,99) (99,16) (16,80) (42,61) (61,44) (44,1) (1,35) (35,19) (19,72) (72,84) (84,89) (89,17) (17,9) (9,2) (2,85) (85,23) (23,11) (11,62) (62,27) (27,31) (43,21) (21,73) (73,95) (95,93) (93,47) (47,20) (20,26) (9,89) (89,83) (83,30) (30,19) (19,92) (92,45) (45,97) (97,10) (10,31) (31,89)
49
(97,99) (99,63) (63,91) (91,71) (71,91) (91,58) (58,20) (20,39) (39,20) (20,93) (93,80) (80,75) (75,86) (86,53) (53,32) (32,6) (6,11) (11,33) (33,16) (16,5) (5,95) (95,23) (23,91) (91,36) (36,18) (18,6) (6,28) (28,17) (17,81) (81,12) (12,81) (81,41) (41,97) (97,48) (48,94) (94,19) (19,84) (84,49) (49,32) (32,71) (71,69) (69,30) (30,79) (79,55) (55,84) (84,81) (81,92) (92,94) (94,79)
50
(84,81) (81,71) (71,50) (50,9) (9,41) (41,10) (10,68) (68,86) (86,85) (85,32) (32,44) (44,30) (30,88) (88,29) (29,70) (70,42) (42,90) (90,82) (82,89) (89,37) (58,57) (57,88) (88,22) (22,20) (20,19) (19,95) (95,69) (69,25) (25,75) (75,5) (5,22) (22,9) (15,76) (76,72) (72,6) (6,84) (84,13) (13,34) (34,67) (67,39) (39,12) (12,27) (27,21) (21,96) (96,82) (82,60) (60,52) (52,66) (66,88) (88,73)
50
(59,45) (45,25) (25,77) (77,87) (87,34) (34,31) (31,54) (54,94) (94,24) (24,66) (66,56) (56,60) (60,79) (79,78) (78,69) (69,20) (20,34) (34,47) (47,97) (97,41) (41,90) (90,72) (72,15) (15,39) (39,96) (96,63) (63,86) (86,56) (56,61) (61,21) (21,39) (39,67) (67,2) (2,41) (41,26) (26,19) (19,7) (7,33) (33,83) (83,6) (6,22) (22,98) (98,88) (88,72) (72,44) (44,69) (69,18) (18,90) (90,12) (12,20)
51
(28,82) (82,55) (55,45) (45,61) (38,19) (19,94) (94,40) (40,13) (13,81) (81,35) (35,91) (91,98) (98,37) (37,49) (49,90) (90,86) (86,93) (93,49) (49,30) (30,37) (64,2) (2,10) (10,72) (72,11) (11,30) (30,33) (33,100) (46,61) (61,13) (13,15) (15,100) (100,67) (25,71) (71,49) (49,98) (98,65) (65,66) (74,84) (84,38) (38,4) (4,55) (55,56) (56,40) (40,97) (97,24) (24,75) (75,41) (18,67) (67,63) (63,71) (71,4)
51
(67,78) (78,75) (75,96) (96,2) (2,34) (34,79) (79,31) (31,47) (47,100) (100,25) (25,7) (7,12) (12,59) (59,74) (74,35) (35,95) (95,54) (54,96) (96,2) (2,94) (94,79) (79,49) (49,85) (85,63) (63,97) (97,9) (9,65) (65,58) (58,3) (3,39) (39,100) (100,46) (46,16) (16,94) (94,46) (46,77) (77,20) (20,10) (10,70) (70,73) (73,32) (32,80) (80,11) (11,31) (31,48) (48,82) (82,4) (4,44) (44,57) (57,45) (45,52)
52
(63,98) (98,8) (8,100) (100,20) (20,65) (65,66) (66,68) (68,51) (51,1) (1,8) (8,34) (34,43) (43,64) (64,81) (81,63) (63,72) (72,65) (65,50) (50,64) (64,61) (34,98) (98,30) (30,38) (38,12) (12,92) (92,79) (86,100) (100,88) (88,85) (85,85) (85,11) (11,29) (29,72) (72,89) (89,96) (96,95) (95,19) (19,82) (82,83) (83,8) (8,30) (30,54) (54,52) (52,5) (5,83) (83,36) (36,62) (62,77) (77,75) (37,68) (86,77) (77,74)
52
(12,11) (11,39) (39,52) (52,41) (41,33) (33,73) (73,3) (3,82) (82,28) (28,38) (38,25) (25,31) (31,16) (16,33) (33,58) (58,73) (73,34) (34,4) (4,11) (11,13) (13,1) (1,85) (85,24) (24,1) (1,4) (4,20) (20,18) (18,79) (79,95) (95,42) (42,73) (73,8) (8,50) (50,92) (92,36) (36,48) (48,39) (39,7) (7,5) (5,67) (67,16) (16,33) (33,8) (8,64) (64,28) (28,99) (99,2) (2,99) (99,37) (37,30) (30,59) (59,15)
53
(44,64) (64,81) (81,79) (79,98) (98,9) (9,33) (33,82) (82,82) (82,32) (32,14) (14,3) (3,16) (16,39) (39,25) (25,14) (14,46) (46,6) (6,45) (45,9) (9,22) (22,8) (8,48) (48,36) (36,66) (66,3) (3,63) (63,74) (74,86) (86,7) (7,49) (49,49) (49,80) (80,96) (96,32) (32,49) (49,60) (60,80) (80,33) (16,5) (5,10) (10,26) (26,29) (29,37) (37,36) (36,65) (65,44) (44,77) (77,17) (17,97) (97,85) (85,9) (9,90) (90,83)
53
(56,37) (37,47) (47,13) (13,72) (72,59) (59,48) (48,31) (31,77) (77,64) (64,81) (81,55) (55,61) (61,21) (21,89) (89,26) (26,92) (92,91) (91,35) (35,53) (53,97) (97,45) (45,91) (91,43) (43,10) (10,50) (50,72) (72,83) (83,60) (60,44) (44,61) (61,91) (91,22) (22,77) (77,10) (10,59) (59,61) (61,92) (92,94) (94,41) (41,76) (76,21) (21,43) (43,18) (18,62) (62,17) (17,26) (26,46) (46,87) (87,30) (30,64) (64,50) (50,99) (99,17)
54
(2,53) (53,56) (12,18) (18,47) (47,68) (68,11) (11,100) (100,20) (42,5) (9,41) (41,32) (32,21) (29,93) (93,60) (60,16) (16,84) (84,8) (8,60) (60,72) (76,48) (28,32) (32,96) (96,19) (55,87) (96,87) (87,60) (60,31) (31,34) (34,75) (75,70) (70,67) (67,49) (49,62) (62,76) (76,30) (30,96) (96,23) (23,87) (87,100) (100,97) (97,33) (33,60) (60,47) (47,26) (26,81) (81,70) (70,89) (89,49) (49,36) (36,93) (93,88) (88,32) (32,14) (14,38)
54
(55,13) (13,41) (41,33) (33,69) (69,36) (36,72) (72,40) (40,69) (69,71) (71,38) (38,56) (56,79) (79,40) (40,20) (20,11) (11,32) (32,75) (75,84) (84,71) (71,25) (25,89) (89,83) (83,41) (41,54) (54,21) (21,28) (28,33) (33,43) (43,71) (71,39) (39,2) (2,13) (13,61) (61,51) (51,34) (34,35) (35,23) (23,61) (61,4) (4,54) (54,75) (75,50) (50,65) (65,66) (66,89) (89,12) (12,98) (98,98) (98,36) (36,52) (52,28) (28,65) (65,77) (77,12)
55
(25,7) (7,76) (76,73) (73,94) (94,8) (8,61) (61,64) (64,61) (61,30) (30,53) (53,99) (99,19) (19,45) (45,38) (38,92) (92,70) (70,4) (4,42) (42,1) (1,53) (53,81) (81,78) (3,76) (76,25) (25,44) (44,72) (72,75) (75,81) (81,47) (47,12) (12,40) (40,71) (71,32) (32,19) (19,11) (11,4) (4,49) (49,38) (38,9) (9,24) (24,79) (79,59) (59,77) (77,8) (8,13) (13,42) (42,37) (37,20) (20,51) (51,5) (5,47) (47,53) (53,92) (92,60) (60,83)
55
(66,77) (77,49) (49,50) (50,75) (75,22) (22,71) (71,42) (42,51) (51,1) (1,69) (69,48) (48,12) (12,50) (50,6) (6,78) (78,50) (50,46) (46,12) (12,29) (29,81) (81,26) (26,52) (52,82) (82,17) (17,2) (2,3) (3,12) (12,86) (86,57) (57,70) (70,75) (75,63) (63,41) (41,100) (100,6) (6,98) (98,97) (97,12) (12,24) (24,32) (32,34) (34,28) (28,72) (72,22) (22,34) (34,45) (45,58) (58,11) (11,19) (19,54) (54,1) (1,30) (30,25) (25,56) (56,90)
56
(90,93) (71,65) (35,86) (86,1) (1,53) (53,81) (81,74) (74,5) (5,27) (27,100) (100,83) (83,43) (43,33) (33,71) (71,56) (56,89) (89,35) (35,86) (86,71) (71,79) (79,13) (13,56) (56,46) (46,11) (11,54) (54,80) (80,57) (57,39) (39,41) (80,29) (29,47) (47,63) (63,47) (47,85) (85,22) (22,5) (5,5) (5,26) (26,44) (44,86) (86,10) (10,84) (84,1) (1,38) (38,16) (16,51) (51,88) (88,75) (75,88) (88,94) (94,72) (72,28) (28,24) (24,65) (95,86) (86,89)
56
(42,12) (12,93) (93,89) (89,30) (30,83) (83,90) (90,44) (44,52) (52,35) (35,1) (1,72) (72,53) (53,85) (85,98) (98,67) (67,91) (91,12) (12,58) (58,85) (85,88) (88,18) (18,39) (39,71) (71,10) (10,42) (42,23) (23,74) (74,48) (48,84) (84,41) (41,48) (48,16) (16,29) (29,36) (36,90) (90,41) (41,64) (64,36) (36,74) (74,89) (89,23) (23,76) (76,67) (67,20) (20,2) (2,40) (40,96) (96,75) (75,31) (31,90) (90,55) (55,33) (33,54) (54,54) (54,43) (43,36)
57
(80,73) (73,65) (65,20) (20,89) (89,70) (70,62) (72,90) (90,33) (33,65) (65,85) (85,60) (75,57) (57,40) (40,33) (33,29) (29,12) (12,92) (92,56) (56,29) (29,44) (44,95) (95,10) (10,24) (24,14) (14,51) (51,80) (80,93) (93,55) (55,97) (97,5) (5,44) (89,92) (77,64) (64,57) (57,85) (85,52) (52,30) (84,24) (24,57) (57,20) (16,1) (1,30) (30,72) (72,31) (31,82) (82,40) (40,51) (51,48) (48,2) (2,29) (29,40) (40,41) (41,19) (19,71) (71,53) (41,60) (60,100)
57
(90,33) (33,31) (31,77) (77,3) (3,15) (15,1) (1,96) (96,95) (95,32) (32,99) (99,52) (52,16) (16,28) (28,89) (89,73) (73,61) (61,61) (61,67) (67,13) (13,99) (99,83) (83,70) (70,86) (86,34) (34,24) (24,46) (46,66) (66,66) (66,97) (97,47) (47,93) (93,54) (54,45) (45,20) (20,51) (51,28) (28,71) (71,31) (31,78) (78,40) (40,53) (53,66) (66,77) (77,84) (84,94) (94,95) (95,81) (81,75) (75,44) (44,71) (71,4) (4,7) (7,71) (71,31) (31,29) (29,1) (1,26)
58
(70,12) (12,100) (100,71) (71,60) (60,64) (64,68) (68,4) (4,79) (79,66) (66,90) (90,10) (10,3) (3,12) (12,53) (53,98) (98,60) (40,67) (43,8) (64,37) (37,7) (7,74) (74,39) (39,74) (74,74) (74,71) (71,77) (77,67) (67,78) (78,65) (65,11) (11,58) (58,60) (60,64) (64,77) (77,35) (35,87) (87,15) (15,56) (56,15) (15,66) (66,58) (58,66) (66,74) (74,76) (76,54) (54,84) (84,41) (41,42) (42,39) (39,54) (54,85) (85,83) (83,80) (80,72) (72,5) (5,28) (28,97) (97,66)
58
(82,13) (13,25) (25,28) (28,37) (37,25) (25,80) (80,1) (1,33) (33,48) (48,72) (72,10) (10,72) (72,57) (57,39) (39,54) (54,31) (31,59) (59,41) (41,26) (26,99) (99,13) (13,97) (97,3) (3,62) (62,56) (56,33) (33,65) (65,18) (18,46) (46,91) (91,43) (43,89) (89,2) (2,84) (84,15) (15,11) (11,96) (96,39) (39,97) (97,87) (87,41) (41,96) (96,63) (63,9) (9,77) (77,84) (84,45) (45,12) (12,80) (80,18) (18,52) (52,20) (20,69) (69,38) (38,40) (40,48) (48,52) (52,79)
59
(31,36) (36,63) (63,49) (49,82) (82,69) (69,10) (10,6) (6,81) (81,96) (96,40) (40,79) (79,38) (58,92) (92,12) (12,78) (78,83) (83,90) (90,70) (70,72) (72,37) (37,54) (54,43) (43,65) (65,32) (32,34) (34,26) (26,57) (57,79) (79,80) (2,11) (11,25) (25,70) (70,59) (59,59) (59,71) (71,52) (52,81) (81,75) (75,32) (32,56) (56,15) (15,34) (34,18) (75,18) (18,48) (48,46) (46,79) (79,90) (90,88) (88,87) (87,68) (68,73) (73,22) (22,17) (17,38) (38,76) (76,34) (34,30) (30,61)
59
(99,28) (28,47) (47,70) (70,37) (37,64) (64,4) (4,58) (58,7) (7,49) (49,64) (64,69) (69,49) (49,9) (9,74) (74,82) (82,55) (55,76) (76,69) (69,51) (51,47) (47,64) (64,67) (67,79) (79,23) (23,30) (30,32) (32,49) (49,68) (68,14) (14,64) (64,45) (45,15) (15,36) (36,29) (29,75) (75,100) (100,42) (42,50) (50,22) (22,19) (19,24) (24,1) (1,92) (92,6) (6,98) (98,48) (48,24) (24,69) (69,28) (28,66) (66,48) (48,44) (44,87) (87,53) (53,73) (73,75) (75,56) (56,82) (82,83)
60
(66,13) (13,76) (76,51) (78,46) (71,98) (98,53) (53,79) (79,100) (100,17) (17,93) (93,21) (21,91) (91,78) (78,47) (47,60) (60,14) (14,66) (66,18) (18,52) (52,43) (43,64) (64,78) (78,18) (18,32) (32,20) (25,21) (21,22) (22,52) (52,36) (36,27) (27,95) (95,45) (45,10) (10,78) (78,94) (94,32) (32,44) (44,19) (19,56) (56,76) (76,74) (74,57) (57,96) (96,83) (83,41) (41,61) (61,46) (46,46) (46,58) (58,96) (96,63) (63,77) (77,33) (33,23) (23,69) (69,83) (83,74) (74,60) (60,72) (72,20)
60
(34,16) (16,4) (4,86) (86,36) (36,66) (66,36) (36,84) (84,77) (77,100) (100,26) (26,82) (82,54) (54,9) (9,39) (39,4) (4,8) (8,29) (29,65) (65,94) (94,93) (93,42) (42,19) (19,33) (33,82) (82,49) (49,44) (44,31) (31,59) (59,6) (6,39) (39,73) (73,87) (87,63) (63,70) (70,91) (91,13) (13,88) (88,60) (60,79) (79,33) (33,71) (71,64) (64,98) (98,44) (44,23) (23,4) (4,34) (34,48) (48,35) (35,58) (58,89) (89,55) (55,12) (12,63) (63,67) (67,21) (21,63) (63,82) (82,55) (55,81)
61
(75,29) (29,22) (22,63) (63,37) (37,1) (1,17) (17,5) (5,28) (28,17) (17,45) (45,66) (66,100) (100,48) (48,49) (49,13) (13,48) (48,50) (50,7) (7,72) (72,2) (2,5) (5,47) (47,47) (47,92) (92,25) (25,81) (81,36) (36,43) (43,73) (73,30) (30,99) (99,13) (13,63) (63,33) (33,54) (54,62) (62,39) (39,1) (1,22) (22,5) (5,46) (46,74) (74,15) (15,63) (63,36) (36,4) (4,98) (98,43) (43,5) (5,62) (62,64) (64,63) (63,99) (99,95) (95,52) (52,57) (57,62) (62,42) (42,19) (19,53) (53,86)
62
(60,21) (21,2) (2,21) (21,9) (9,25) (25,26) (26,50) (50,59) (59,40) (40,63) (63,93) (93,80) (80,54) (54,14) (14,46) (46,27) (27,9) (9,50) (50,58) (58,65) (65,21) (21,81) (81,98) (91,80) (80,29) (29,46) (46,40) (40,7) (7,36) (36,69) (69,38) (67,19) (19,18) (18,15) (15,56) (56,15) (15,20) (20,6) (6,28) (28,57) (57,53) (53,40) (40,3) (3,82) (70,87) (87,99) (99,62) (62,62) (62,99) (99,81) (81,81) (81,63) (63,37) (37,52) (43,43) (43,98) (98,54) (54,31) (31,91) (91,19) (19,57) (57,50)
62
(50,51) (51,1) (1,23) (23,36) (36,46) (46,95) (95,24) (24,56) (56,45) (45,23) (23,39) (39,43) (43,90) (90,12) (12,94) (94,17) (17,93) (93,21) (21,91) (91,83) (83,42) (42,1) (1,53) (53,54) (54,10) (10,8) (8,25) (25,10) (10,39) (39,61) (61,44) (44,72) (72,87) (87,82) (82,95) (95,75) (75,2) (2,86) (86,26) (26,78) (78,43) (43,74) (74,55) (55,13) (13,59) (59,27) (27,70) (70,79) (79,73) (73,78) (78,53) (53,74) (74,38) (38,64) (64,49) (49,14) (14,49) (49,15) (15,51) (51,72) (72,24) (24,33)
63
(95,46) (46,54) (43,95) (95,58) (58,83) (83,74) (74,66) (66,95) (95,89) (89,86) (86,92) (92,14) (14,19) (19,76) (76,79) (79,18) (18,13) (13,22) (22,59) (59,73) (73,47) (47,91) (91,36) (36,48) (48,19) (19,78) (78,100) (100,92) (92,45) (45,13) (13,31) (31,25) (25,97) (90,53) (53,66) (66,61) (61,81) (81,15) (15,82) (82,97) (97,96) (96,91) (91,79) (79,60) (60,96) (96,30) (52,70) (70,95) (95,90) (90,49) (49,1) (1,55) (65,35) (35,50) (50,17) (17,80) (80,43) (43,12) (12,61) (61,76) (76,63) (63,29) (29,85)
63
(56,25) (25,53) (53,12) (12,80) (80,97) (97,63) (63,64) (64,99) (99,53) (53,87) (87,6) (6,6) (6,72) (72,77) (77,2) (2,82) (82,36) (36,24) (24,76) (76,12) (12,56) (56,12) (12,9) (9,57) (57,59) (59,4) (4,73) (73,76) (76,29) (29,100) (100,92) (92,95) (95,80) (80,46) (46,76) (76,38) (38,78) (78,29) (29,96) (96,73) (73,3) (3,26) (26,15) (15,91) (91,87) (87,93) (93,64) (64,99) (99,80) (80,3) (3,42) (42,28) (28,84) (84,99) (99,3) (3,23) (23,42) (42,57) (57,30) (30,35) (35,4) (4,37) (37,1)
64
(10,17) (17,78) (78,3) (3,55) (55,34) (34,92) (92,6) (6,92) (87,94) (94,48) (48,40) (40,2) (2,39) (39,37) (32,1) (1,95) (95,88) (88,15) (15,61) (61,74) (74,59) (59,17) (17,41) (41,44) (44,92) (72,8) (8,92) (92,44) (44,13) (13,1) (1,69) (69,68) (68,73) (73,36) (44,4) (4,33) (33,13) (13,16) (16,94) (94,32) (32,45) (45,52) (52,10) (10,74) (74,57) (57,7) (7,33) (33,15) (93,88) (88,63) (63,64) (64,69) (49,90) (90,1) (43,57) (57,25) (25,51) (31,47) (47,14) (14,87) (87,51) (51,66) (66,8) (8,43)
64
(60,16) (16,55) (55,33) (33,33) (33,68) (68,69) (69,88) (88,33) (33,18) (18,81) (81,82) (82,63) (63,52) (52,40) (40,1) (1,64) (64,79) (79,13) (13,47) (47,13) (13,60) (60,14) (14,52) (52,30) (30,87) (87,89) (89,72) (72,48) (48,47) (47,72) (72,88) (88,49) (49,54) (54,45) (45,17) (17,99) (99,92) (92,15) (15,33) (33,36) (36,59) (59,56) (56,57) (57,2) (2,43) (43,20) (20,47) (47,93) (93,89) (89,37) (37,66) (66,67) (67,48) (48,23) (23,67) (67,87) (87,42) (42,53) (53,38) (38,59) (59,82) (82,34) (34,100) (100,36)
65
(38,56) (56,16) (16,78) (78,18) (18,100) (100,16) (16,35) (35,88) (88,2) (2,8) (8,66) (63,1) (1,64) (64,13) (13,73) (73,29) (29,92) (92,37) (37,72) (72,72) (72,13) (13,93) (93,51) (51,46) (46,34) (34,28) (28,9) (9,51) (51,16) (16,86) (86,59) (59,17) (17,72) (72,39) (39,36) (36,97) (97,59) (59,11) (11,22) (22,19) (19,1) (1,65) (65,94) (5,23) (62,91) (91,69) (67,80) (80,65) (65,37) (37,63) (63,89) (89,96) (96,15) (15,2) (2,39) (39,72) (72,38) (38,70) (70,51) (51,7) (7,55) (55,94) (94,87) (87,90) (90,37)
65
(61,93) (93,53) (53,44) (44,63) (63,37) (37,3) (3,4) (4,12) (12,70) (70,36) (36,56) (56,59) (59,57) (57,60) (60,39) (39,71) (71,76) (76,17) (17,69) (69,34) (34,37) (37,15) (15,64) (64,76) (76,92) (92,99) (99,100) (100,34) (34,11) (11,88) (88,3) (3,66) (66,21) (21,80) (80,71) (71,12) (12,39) (39,16) (16,78) (78,43) (43,32) (32,51) (51,18) (18,67) (67,41) (41,9) (9,78) (78,82) (82,42) (42,13) (13,75) (75,13) (13,85) (85,11) (11,3) (3,13) (13,53) (53,65) (65,64) (64,19) (19,33) (33,93) (93,81) (81,25) (25,59)
66
(76,35) (35,6) (6,75) (75,21) (21,11) (11,61) (61,28) (28,80) (80,92) (92,39) (39,81) (81,67) (67,80) (80,37) (37,99) (99,93) (93,38) (38,85) (85,66) (66,39) (39,21) (13,40) (40,62) (62,27) (27,90) (90,64) (64,45) (45,10) (10,66) (66,44) (44,82) (82,24) (24,1) (1,3) (3,87) (87,78) (78,94) (94,48) (48,78) (78,60) (60,62) (62,60) (60,58) (58,65) (65,34) (34,50) (50,14) (14,48) (48,51) (51,17) (17,90) (90,49) (49,14) (17,21) (21,39) (39,9) (9,35) (35,17) (17,91) (91,9) (9,72) (72,23) (23,58) (58,74) (36,82) (82,79)
66
(84,81) (81,19) (19,59) (59,36) (36,34) (34,90) (90,65) (65,1) (1,1) (1,79) (79,98) (98,32) (32,94) (94,90) (90,85) (85,61) (61,17) (17,87) (87,57) (57,94) (94,62) (62,46) (46,31) (31,94) (94,72) (72,24) (24,55) (55,42) (42,4) (4,79) (79,3) (3,17) (17,43) (43,100) (100,99) (99,97) (97,49) (49,8) (8,86) (86,57) (57,44) (44,98) (98,93) (93,28) (28,16) (16,17) (17,12) (12,97) (97,27) (27,70) (70,86) (86,21) (21,60) (60,43) (43,17) (17,25) (25,21) (21,46) (46,46) (46,5) (5,95) (95,35) (35,45) (45,26) (26,82) (82,58)
67
(84,64) (64,34) (34,87) (87,55) (55,47) (47,61) (92,30) (30,40) (40,21) (21,14) (14,20) (20,38) (38,96) (96,89) (89,21) (21,71) (71,50) (50,40) (40,78) (78,94) (94,41) (41,44) (44,97) (97,59) (59,53) (53,53) (53,15) (15,52) (52,56) (60,63) (63,33) (33,43) (43,74) (15,81) (81,34) (34,18) (58,14) (14,88) (88,76) (76,51) (51,20) (20,27) (27,44) (44,35) (96,35) (35,23) (23,35) (35,64) (64,50) (50,88) (88,93) (93,93) (93,63) (63,65) (65,36) (36,4) (4,87) (87,14) (14,100) (100,81) (81,97) (97,100) (100,50) (50,25) (25,32) (32,53) (53,99)
67
(39,15) (15,92) (92,33) (33,29) (29,76) (76,52) (52,68) (68,12) (12,63) (63,65) (65,36) (36,45) (45,28) (28,54) (54,47) (47,20) (20,69) (69,12) (12,16) (16,14) (14,68) (68,45) (45,93) (93,4) (4,57) (57,4) (4,95) (95,41) (41,34) (34,61) (61,22) (22,40) (40,65) (65,62) (62,67) (67,7) (7,99) (99,7) (7,63) (63,84) (84,84) (84,66) (66,2) (2,57) (57,49) (49,71) (71,98) (98,6) (6,25) (25,29) (29,53) (53,65) (65,90) (90,57) (57,59) (59,38) (38,53) (53,47) (47,32) (32,9) (9,7) (7,61) (61,57) (57,86) (86,8) (8,52) (52,7)
68
(71,39) (39,84) (84,8) (8,91) (91,43) (43,76) (76,85) (85,78) (78,26) (26,61) (61,52) (52,43) (43,42) (42,62) (62,15) (15,39) (39,94) (94,64) (64,50) (50,84) (84,83) (83,51) (51,77) (77,21) (21,72) (72,60) (60,28) (28,82) (82,16) (16,14) (14,75) (75,94) (94,26) (26,32) (32,9) (9,26) (26,70) (70,98) (98,46) (46,44) (44,79) (79,49) (49,83) (83,29) (29,49) (49,38) (38,68) (68,41) (41,34) (34,56) (56,19) (19,25) (25,21) (21,74) (74,21) (21,36) (36,25) (25,66) (66,14) (14,21) (21,72) (72,92) (92,62) (62,1) (1,22) (22,58) (58,88) (88,44)
69
(90,82) (82,5) (5,6) (6,96) (96,16) (16,35) (35,5) (5,74) (74,37) (37,46) (46,35) (35,4) (4,51) (51,42) (42,3) (3,55) (55,90) (90,91) (91,9) (9,19) (19,87) (87,99) (99,92) (92,100) (100,94) (94,14) (14,32) (32,2) (2,9) (9,62) (62,98) (98,90) (90,50) (50,51) (34,3) (3,42) (42,23) (23,48) (48,4) (4,1) (10,24) (24,3) (3,67) (67,74) (74,15) (15,3) (3,60) (60,74) (74,38) (38,86) (86,98) (98,60) (60,83) (83,47) (47,70) (70,21) (21,85) (85,27) (27,5) (5,97) (9,97) (97,18) (18,81) (81,87) (40,2) (2,88) (88,62) (62,76) (76,99)
69
(66,71) (71,92) (92,44) (44,24) (24,24) (24,79) (79,67) (67,34) (34,83) (83,83) (83,44) (44,69) (69,79) (79,52) (52,14) (14,55) (55,82) (82,79) (79,87) (87,47) (47,51) (51,45) (45,38) (38,55) (55,45) (45,40) (40,46) (46,73) (73,8) (8,13) (13,35) (35,78) (78,27) (27,81) (81,46) (46,96) (96,30) (30,8) (8,40) (40,95) (95,14) (14,3) (3,47) (47,44) (44,18) (18,74) (74,20) (20,55) (55,44) (44,5) (5,60) (60,90) (90,29) (29,51) (51,48) (48,49) (49,35) (35,91) (91,81) (81,6) (6,71) (71,8) (8,74) (74,94) (94,56) (56,97) (97,80) (80,45) (45,21)
70
(65,29) (29,20) (20,39) (39,94) (94,43) (43,1) (1,35) (35,22) (22,59) (59,87) (87,1) (1,73) (73,82) (82,31) (31,57) (57,2) (2,10) (10,83) (26,68) (68,90) (90,55) (55,66) (67,95) (95,1) (1,8) (8,11) (11,73) (73,74) (74,41) (41,91) (91,74) (74,86) (86,72) (72,77) (77,12) (12,60) (60,76) (76,100) (100,55) (55,15) (15,24) (24,15) (15,68) (68,60) (60,49) (49,98) (98,83) (83,59) (59,75) (75,62) (62,53) (53,92) (92,53) (53,54) (54,53) (89,86) (86,59) (59,90) (90,63) (63,51) (51,97) (97,69) (97,19) (19,46) (46,39) (39,29) (29,19) (19,23) (61,28) (28,42)
70
(38,66) (66,31) (31,77) (77,9) (9,10) (10,90) (90,61) (61,8) (8,29) (29,21) (21,71) (71,40) (40,81) (81,85) (85,65) (65,34) (34,36) (36,84) (84,85) (85,98) (98,99) (99,80) (80,53) (53,16) (16,81) (81,43) (43,21) (21,54) (54,88) (88,71) (71,2) (2,65) (65,87) (87,82) (82,85) (85,49) (49,93) (93,81) (81,51) (51,91) (91,52) (52,4) (4,73) (73,69) (69,45) (45,1) (1,15) (15,43) (43,69) (69,59) (59,21) (21,55) (55,76) (76,99) (99,23) (23,66) (66,71) (71,43) (43,15) (15,19) (19,12) (12,1) (1,86) (86,43) (43,23) (23,50) (50,64) (64,86) (86,76) (76,41)
71
(47,28) (28,83) (83,35) (35,93) (93,76) (76,42) (42,59) (59,47) (47,45) (45,87) (87,31) (31,61) (61,8) (8,82) (82,44) (44,15) (15,6) (6,43) (7,15) (15,63) (63,92) (92,97) (97,83) (83,87) (87,83) (83,47) (47,58) (58,71) (71,62) (66,75) (75,74) (74,4) (4,98) (98,98) (98,75) (75,59) (59,98) (98,9) (20,35) (35,90) (90,36) (36,2) (2,1) (1,80) (80,8) (8,59) (59,15) (15,88) (88,69) (69,15) (15,45) (45,9) (9,54) (54,54) (54,70) (70,50) (50,29) (29,56) (56,18) (26,24) (24,60) (60,7) (7,71) (71,3) (3,90) (90,96) (96,85) (85,23) (23,58) (58,61) (61,17)
71
(8,73) (73,23) (23,23) (23,46) (46,78) (78,44) (44,69) (69,26) (26,28) (28,74) (74,37) (37,41) (41,70) (70,86) (86,60) (60,18) (18,91) (91,68) (68,49) (49,76) (76,45) (45,61) (61,61) (61,42) (42,86) (86,46) (46,66) (66,80) (80,21) (21,76) (76,81) (81,77) (77,94) (94,49) (49,14) (14,30) (30,31) (31,15) (15,2) (2,9) (9,63) (63,97) (97,96) (96,18) (18,37) (37,17) (17,9) (9,28) (28,31) (31,100) (100,37) (37,68) (68,97) (97,37) (37,52) (52,29) (29,30) (30,18) (18,53) (53,67) (67,61) (61,76) (76,65) (65,51) (51,8) (8,25) (25,39) (39,17) (17,10) (10,15) (15,4)
72
(68,93) (93,11) (11,1) (1,16) (16,55) (55,8) (23,26) (26,30) (30,64) (64,3) (3,10) (10,95) (95,38) (38,24) (24,96) (96,97) (97,20) (20,27) (27,43) (43,15) (15,68) (68,57) (57,36) (36,10) (10,3) (3,55) (55,26) (26,32) (32,77) (77,87) (87,96) (4,8) (8,93) (93,53) (53,45) (45,79) (79,49) (49,58) (58,41) (41,83) (83,22) (22,30) (30,12) (12,73) (73,15) (15,57) (57,71) (71,78) (78,32) (32,83) (83,91) (30,46) (46,45) (45,15) (15,11) (55,55) (55,9) (9,63) (63,2) (2,39) (39,87) (87,46) (46,16) (16,95) (95,81) (81,78) (78,48) (48,96) (96,88) (88,48) (48,40) (40,69)
72
(35,51) (51,75) (75,53) (53,11) (11,76) (76,19) (19,66) (66,85) (85,55) (55,8) (8,60) (60,100) (100,8) (8,32) (32,53) (53,57) (57,1) (1,46) (46,47) (47,91) (91,84) (84,44) (44,11) (11,45) (45,38) (38,13) (13,19) (19,19) (19,99) (99,25) (25,43) (43,68) (68,54) (54,79) (79,41) (41,83) (83,84) (84,9) (9,88) (88,14) (14,57) (57,79) (79,15) (15,44) (44,48) (48,67) (67,49) (49,81) (81,39) (39,94) (94,27) (27,36) (36,41) (41,18) (18,35) (35,19) (19,19) (19,46) (46,20) (20,43) (43,71) (71,11) (11,13) (13,1) (1,38) (38,90) (90,4) (4,42) (42,91) (91,87) (87,85) (85,76)
73
(6,64) (64,90) (90,74) (74,68) (68,3) (3,24) (24,39) (39,12) (12,80) (80,98) (98,44) (44,65) (65,92) (92,9) (9,38) (38,46) (46,46) (46,39) (39,29) (29,38) (38,84) (84,47) (47,15) (15,61) (61,7) (7,65) (65,99) (99,85) (85,25) (25,71) (71,56) (56,6) (6,87) (87,41) (41,29) (29,52) (52,1) (1,63) (63,92) (92,5) (5,87) (87,96) (96,70) (70,4) (4,77) (77,48) (48,23) (23,55) (55,45) (45,41) (41,47) (47,80) (80,97) (97,82) (82,50) (50,82) (82,66) (66,51) (51,42) (42,22) (22,95) (21,66) (66,38) (38,36) (36,38) (38,96) (96,40) (40,6) (6,26) (26,9) (9,54) (54,10) (10,56)
73
(98,61) (61,24) (24,67) (67,1) (1,80) (80,68) (68,14) (14,39) (39,95) (95,99) (99,13) (13,56) (56,78) (78,21) (21,1) (1,4) (4,38) (38,37) (37,80) (80,58) (58,67) (67,58) (58,86) (86,35) (35,54) (54,10) (10,44) (44,39) (39,39) (39,11) (11,10) (10,81) (81,98) (98,21) (21,65) (65,53) (53,41) (41,21) (21,21) (21,63) (63,17) (17,58) (58,17) (17,89) (89,38) (38,70) (70,11) (11,38) (38,97) (97,69) (69,82) (82,89) (89,54) (54,49) (49,92) (92,5) (5,32) (32,41) (41,66) (66,79) (79,77) (77,15) (15,13) (13,5) (5,57) (57,72) (72,50) (50,82) (82,22) (22,89) (89,21) (21,11) (11,24)
74
(78,54) (54,26) (26,82) (82,94) (94,28) (28,26) (26,37) (37,20) (20,10) (10,23) (23,41) (41,36) (36,100) (100,15) (15,37) (37,76) (76,100) (100,87) (87,13) (13,32) (32,50) (50,57) (57,91) (91,44) (44,44) (44,42) (42,4) (4,88) (88,63) (63,32) (32,55) (55,34) (51,68) (68,99) (99,99) (99,49) (49,49) (49,31) (31,87) (87,35) (35,85) (85,41) (41,50) (50,100) (100,85) (85,4) (4,48) (48,74) (74,65) (65,79) (79,39) (39,60) (60,86) (86,6) (6,79) (79,46) (46,94) (94,70) (70,81) (81,66) (66,46) (46,12) (12,14) (14,18) (18,32) (32,44) (44,59) (59,72) (72,13) (13,34) (34,96) (96,41) (41,86) (86,3)
74
(13,40) (40,62) (62,53) (53,92) (92,34) (34,11) (11,42) (42,97) (97,84) (84,80) (80,74) (74,81) (81,10) (10,28) (28,7) (7,65) (65,4) (4,8) (8,86) (86,98) (98,46) (46,73) (73,43) (43,81) (81,40) (40,99) (99,65) (65,13) (13,70) (70,21) (21,73) (73,52) (52,27) (27,67) (67,34) (34,81) (81,74) (74,16) (16,9) (9,45) (45,10) (10,48) (48,89) (89,60) (60,16) (16,68) (68,63) (63,25) (25,83) (83,55) (55,82) (82,58) (58,87) (87,56) (56,15) (15,87) (87,51) (51,30) (30,22) (22,32) (32,85) (85,21) (21,96) (96,52) (52,64) (64,74) (74,94) (94,88) (88,90) (90,98) (98,53) (53,55) (55,81) (81,75)
75
(97,32) (32,15) (15,83) (83,6) (6,96) (96,99) (99,72) (84,3) (73,85) (41,4) (4,96) (96,68) (68,42) (42,43) (43,11) (11,52) (52,38) (23,68) (68,70) (70,86) (86,69) (69,88) (88,84) (84,36) (36,70) (70,20) (20,87) (87,89) (89,95) (95,5) (29,54) (54,6) (6,44) (44,91) (91,90) (90,92) (92,66) (66,8) (8,56) (56,96) (96,11) (11,41) (41,94) (94,81) (81,83) (83,33) (33,87) (87,10) (10,42) (42,90) (90,63) (63,10) (10,79) (79,1) (1,67) (67,93) (65,98) (57,67) (67,30) (30,9) (9,18) (18,91) (91,65) (65,21) (21,26) (26,51) (51,27) (27,17) (17,84) (84,91) (91,14) (14,92) (92,2) (2,50) (50,81)
75
(29,15) (15,88) (88,30) (30,37) (37,79) (79,91) (91,66) (66,42) (42,86) (86,14) (14,38) (38,94) (94,8) (8,71) (71,86) (86,61) (61,67) (67,11) (11,20) (20,7) (7,5) (5,57) (57,40) (40,92) (92,60) (60,88) (88,56) (56,66) (66,64) (64,61) (61,2) (2,85) (85,52) (52,8) (8,16) (16,66) (66,70) (70,62) (62,27) (27,69) (69,42) (42,79) (79,17) (17,69) (69,54) (54,19) (19,72) (72,33) (33,23) (23,17) (17,74) (74,79) (79,24) (24,82) (82,18) (18,100) (100,65) (65,73) (73,12) (12,26) (26,38) (38,10) (10,1) (1,47) (47,20) (20,19) (19,32) (32,45) (45,41) (41,67) (67,21) (21,40) (40,60) (60,11) (11,34)
76
(77,16) (16,67) (67,30) (30,95) (95,67) (67,11) (11,28) (28,85) (85,77) (77,46) (46,6) (6,73) (73,79) (79,64) (64,5) (5,20) (20,8) (8,54) (54,39) (39,75) (75,26) (26,62) (62,1) (1,11) (11,9) (9,61) (61,86) (86,97) (97,84) (84,3) (3,7) (7,68) (68,90) (90,27) (27,47) (47,49) (49,29) (29,71) (71,10) (10,100) (91,70) (70,79) (79,39) (39,74) (74,46) (46,63) (63,82) (82,98) (98,88) (88,77) (77,47) (47,26) (26,54) (54,50) (50,29) (29,54) (54,71) (71,75) (75,54) (54,55) (55,6) (6,87) (68,69) (69,35) (35,87) (87,79) (79,32) (32,62) (62,57) (57,71) (71,86) (86,22) (22,74) (74,45) (45,100) (50,22)
76
(36,13) (13,57) (57,9) (9,67) (67,80) (80,86) (86,86) (86,36) (36,29) (29,17) (17,99) (99,92) (92,95) (95,99) (99,58) (58,97) (97,18) (18,52) (52,70) (70,18) (18,40) (40,81) (81,81) (81,95) (95,71) (71,21) (21,33) (33,63) (63,73) (73,90) (90,31) (31,30) (30,97) (97,94) (94,36) (36,21) (21,43) (43,50) (50,62) (62,65) (65,70) (70,75) (75,97) (97,8) (8,2) (2,57) (57,61) (61,58) (58,99) (99,21) (21,61) (61,6) (6,24) (24,55) (55,76) (76,39) (39,44) (44,9) (9,35) (35,98) (98,4) (4,68) (68,1) (1,52) (52,1) (1,49) (49,49) (49,96) (96,56) (56,55) (55,97) (97,68) (68,33) (33,89) (89,78) (78,56)
77
(80,68) (68,85) (85,33) (33,9) (9,15) (15,56) (56,91) (91,43) (43,71) (71,50) (50,39) (39,53) (53,50) (50,15) (15,81) (81,51) (51,76) (76,80) (80,84) (84,27) (27,4) (4,28) (28,59) (59,50) (50,29) (29,89) (89,40) (40,28) (28,11) (11,20) (20,40) (40,85) (85,19) (19,29) (29,39) (39,12) (12,85) (85,29) (29,12) (12,36) (36,89) (89,81) (81,61) (61,75) (75,34) (34,2) (2,86) (86,79) (100,66) (16,38) (38,81) (81,8) (8,77) (77,20) (20,67) (79,11) (31,6) (6,24) (24,10) (10,82) (82,65) (34,11) (11,17) (17,35) (35,5) (5,85) (85,55) (55,52) (52,94) (94,25) (25,20) (20,65) (65,51) (51,13) (13,87) (87,91) (91,72)
77
(16,11) (11,43) (43,83) (83,68) (68,90) (90,55) (55,31) (31,53) (53,93) (93,50) (50,41) (41,48) (48,25) (25,54) (54,64) (64,55) (55,23) (23,8) (8,91) (91,39) (39,87) (87,36) (36,43) (43,20) (20,45) (45,57) (57,64) (64,35) (35,2) (2,16) (16,85) (85,20) (20,78) (78,82) (82,27) (27,77) (77,41) (41,97) (97,6) (6,53) (53,78) (78,3) (3,17) (17,62) (62,42) (42,26) (26,55) (55,82) (82,44) (44,99) (99,32) (32,89) (89,32) (32,3) (3,99) (99,68) (68,84) (84,89) (89,92) (92,2) (2,5) (5,39) (39,93) (93,84) (84,71) (71,100) (100,61) (61,80) (80,35) (35,20) (20,26) (26,97) (97,74) (74,6) (6,2) (2,50) (50,35)
78
(70,30) (30,90) (90,56) (56,53) (53,88) (88,93) (93,14) (14,95) (95,79) (79,16) (16,73) (73,49) (49,15) (15,73) (73,9) (9,24) (24,28) (28,29) (29,64) (64,54) (54,54) (54,88) (88,92) (47,60) (60,11) (11,44) (44,77) (77,3) (3,13) (13,29) (29,48) (86,83) (83,93) (93,22) (22,87) (87,15) (15,72) (72,16) (16,97) (97,9) (9,48) (2,21) (21,5) (5,29) (29,17) (17,4) (4,71) (71,12) (12,28) (28,98) (98,20) (20,75) (75,13) (13,45) (81,51) (51,11) (11,43) (43,25) (25,90) (90,66) (66,8) (8,42) (42,65) (65,49) (49,49) (49,4) (4,11) (11,19) (19,41) (41,97) (97,8) (8,78) (78,20) (20,75) (75,28) (28,76) (76,60) (60,95)
78
(13,67) (67,81) (81,2) (2,58) (58,55) (55,59) (59,87) (87,3) (3,36) (36,27) (27,95) (95,27) (27,2) (2,74) (74,90) (90,18) (18,53) (53,86) (86,12) (12,47) (47,46) (46,78) (78,42) (42,95) (95,56) (56,1) (1,60) (60,3) (3,26) (26,47) (47,67) (67,60) (60,75) (75,27) (27,5) (5,14) (14,82) (82,77) (77,43) (43,19) (19,92) (92,70) (70,70) (70,91) (91,47) (47,26) (26,30) (30,1) (1,98) (98,54) (54,94) (94,79) (79,17) (17,12) (12,86) (86,53) (53,19) (19,47) (47,65) (65,35) (35,19) (19,90) (90,59) (59,87) (87,32) (32,91) (91,87) (87,89) (89,10) (10,61) (61,24) (24,99) (99,80) (80,74) (74,69) (69,51) (51,27) (27,59)
79
(4,27) (27,7) (7,49) (49,41) (41,8) (8,16) (16,58) (58,18) (18,54) (54,97) (97,78) (78,66) (66,12) (12,81) (81,6) (6,17) (17,31) (31,80) (80,40) (40,2) (2,15) (15,70) (70,59) (59,99) (99,54) (54,33) (33,59) (59,44) (73,19) (19,1) (1,60) (60,90) (90,69) (69,35) (35,10) (10,96) (96,94) (94,82) (82,77) (77,91) (91,63) (63,88) (27,83) (83,61) (61,15) (15,78) (85,17) (17,33) (33,5) (5,73) (73,99) (99,100) (100,31) (31,24) (24,26) (26,54) (54,38) (38,30) (99,1) (1,11) (11,55) (55,64) (64,15) (15,82) (82,20) (20,91) (76,87) (87,36) (36,76) (76,18) (18,40) (40,24) (2,42) (42,23) (23,62) (62,33) (33,1) (1,87) (87,54)
79
(61,66) (66,37) (37,49) (49,41) (41,68) (68,98) (98,61) (61,28) (28,80) (80,4) (4,39) (39,75) (75,77) (77,70) (70,15) (15,9) (9,32) (32,97) (97,88) (88,36) (36,7) (7,31) (31,31) (31,39) (39,47) (47,99) (99,19) (19,44) (44,64) (64,20) (20,70) (70,100) (100,15) (15,22) (22,81) (81,97) (97,23) (23,24) (24,67) (67,3) (3,76) (76,1) (1,81) (81,23) (23,37) (37,24) (24,59) (59,39) (39,1) (1,20) (20,75) (75,88) (88,94) (94,45) (45,85) (85,43) (43,90) (90,44) (44,46) (46,31) (31,92) (92,42) (42,77) (77,4) (4,6) (6,90) (90,63) (63,95) (95,10) (10,18) (18,99) (99,71) (71,60) (60,33) (33,12) (12,94) (94,99) (99,4) (4,71)
80
(13,52) (52,96) (96,51) (51,14) (14,86) (86,1) (1,29) (29,12) (12,36) (36,60) (60,3) (3,5) (5,5) (5,31) (31,24) (24,57) (57,95) (95,88) (88,60) (60,72) (72,20) (20,78) (78,20) (20,93) (93,47) (47,4) (4,92) (92,43) (43,53) (53,71) (71,92) (92,72) (72,52) (52,25) (25,85) (85,57) (57,77) (77,36) (90,89) (89,82) (82,44) (44,39) (39,83) (83,39) (39,62) (62,91) (91,11) (11,76) (76,1) (1,10) (10,41) (41,47) (47,65) (65,94) (94,89) (89,47) (47,75) (75,34) (54,32) (32,7) (7,56) (56,100) (100,20) (20,35) (35,20) (20,70) (70,26) (26,46) (46,90) (90,8) (8,15) (15,88) (88,7) (7,49) (49,94) (94,6) (6,76) (76,94) (94,34) (34,31)
80
(76,73) (73,61) (61,6) (6,82) (82,7) (7,100) (100,53) (53,13) (13,2) (2,67) (67,16) (16,39) (39,69) (69,61) (61,88) (88,31) (31,64) (64,56) (56,37) (37,10) (10,57) (57,14) (14,78) (78,100) (100,21) (21,3) (3,92) (92,50) (50,14) (14,31) (31,6) (6,37) (37,14) (14,98) (98,64) (64,96) (96,79) (79,95) (95,93) (93,86) (86,22) (22,8) (8,40) (40,88) (88,1) (1,92) (92,27) (27,26) (26,4) (4,85) (85,67) (67,92) (92,58) (58,74) (74,6) (6,27) (27,23) (23,57) (57,78) (78,33) (33,63) (63,20) (20,4) (4,72) (72,48) (48,85) (85,7) (7,75) (75,58) (58,5) (5,28) (28,45) (45,26) (26,51) (51,19) (19,97) (97,74) (74,91) (91,77) (77,56)
EXIT
