2
(71,25) (25,18)
3
(68,90) (90,78) (78,6)
4
(45,29) (29,17) (17,49) (49,62)
5
(65,49) (49,66) (66,65) (65,89) (89,77)
6
(89,77) (77,39) (39,34) (34,61) (61,56) (56,6)
7
(1,8) (8,55) (55,76) (76,23) (23,48) (48,52) (52,27)
8
(21,81) (81,58) (48,75) (75,22) (22,94) (1,86) (86,37) (37,74)
8
(1,16) (16,35) (35,48) (48,96) (96,94) (94,89) (89,36) (36,1)
9
(91,83) (83,6) (6,70) (10,55) (55,97) (97,69) (69,45) (45,38) (38,10)
9
(79,56) (56,44) (44,96) (96,90) (90,87) (87,46) (46,97) (97,68) (68,51)
10
(1,23) (23,70) (70,96) (96,68) (68,52) (52,94) (94,56) (56,94) (94,59) (59,32)
11
(45,77) (77,14) (14,12) (12,96) (96,78) (78,29) (29,61) (61,13) (13,59) (59,82) (82,3)
12
(93,75) (75,14) (14,57) (57,11) (11,12) (12,16) (16,92) (92,85) (85,86) (86,1) (1,42) (42,47)
13
(25,90) (90,15) (15,41) (41,53) (53,36) (36,28) (28,73) (73,31) (31,68) (68,63) (63,17) (17,26) (26,17)
14
(70,85) (85,82) (82,52) (52,79) (79,69) (69,73) (73,89) (89,44) (44,47) (47,80) (80,9) (45,20) (20,21) (21,39)
14
(6,7) (7,82) (82,72) (72,12) (12,58) (58,75) (75,1) (1,71) (71,51) (51,70) (70,83) (83,86) (86,38) (38,44)
15
(55,69) (69,54) (54,9) (9,87) (87,4) (4,29) (29,38) (38,100) (100,5) (5,30) (20,6) (6,1) (1,62) (62,8) (8,59)
15
(96,89) (89,78) (78,21) (21,21) (21,7) (7,75) (75,71) (71,42) (42,60) (60,2) (2,59) (59,72) (72,66) (66,88) (88,71)
16
(15,11) (11,64) (64,4) (4,25) (25,9) (37,62) (62,40) (40,27) (27,15) (15,94) (94,87) (87,74) (74,77) (77,80) (80,77) (77,80)
16
(40,2) (2,43) (43,34) (34,59) (59,12) (12,17) (17,27) (27,34) (34,69) (69,43) (43,84) (84,19) (19,36) (36,64) (64,72) (72,92)
17
(21,95) (95,45) (45,40) (40,52) (52,47) (47,1) (1,72) (72,56) (56,62) (62,6) (6,9) (9,80) (80,38) (38,6) (6,20) (93,1) (1,52)
17
(34,52) (52,90) (90,94) (94,14) (14,67) (67,2) (2,33) (33,5) (5,43) (43,28) (28,88) (88,32) (32,77) (77,8) (8,42) (42,74) (74,48)
18
(34,9) (9,90) (90,88) (64,46) (46,18) (18,98) (98,71) (71,28) (28,98) (98,48) (48,30) (30,1) (1,62) (62,15) (15,78) (78,24) (24,68) (68,88)
18
(16,67) (67,53) (53,99) (99,38) (38,29) (29,28) (28,95) (95,12) (12,79) (79,71) (71,88) (88,23) (23,75) (75,63) (63,71) (71,74) (74,16) (16,13)
19
(41,3) (3,43) (43,100) (100,28) (28,70) (70,1) (44,41) (41,41) (41,87) (87,53) (53,48) (48,31) (31,56) (56,97) (97,58) (33,24) (24,90) (90,97) (97,5)
19
(8,16) (16,85) (85,99) (99,11) (11,77) (77,12) (12,81) (81,19) (19,12) (12,98) (98,75) (75,71) (71,72) (72,35) (35,88) (88,61) (61,87) (87,3) (3,53)
20
(73,60) (60,94) (94,91) (91,87) (87,36) (36,20) (20,39) (39,77) (77,38) (38,55) (55,12) (12,20) (20,32) (32,34) (34,96) (96,66) (66,88) (88,68) (68,93) (93,61)
21
(64,81) (81,26) (26,38) (38,87) (87,34) (34,61) (61,29) (29,5) (5,7) (7,3) (3,68) (68,26) (26,26) (26,35) (35,77) (77,33) (33,58) (58,46) (46,58) (58,22) (22,59)
22
(41,92) (92,93) (93,28) (28,74) (74,44) (44,72) (72,44) (44,26) (26,8) (8,60) (60,28) (54,42) (42,56) (56,62) (62,45) (45,80) (80,3) (3,48) (48,61) (61,83) (66,22) (22,47)
22
(54,19) (19,28) (28,16) (16,85) (85,11) (11,22) (22,24) (24,95) (95,10) (10,41) (41,99) (99,36) (36,76) (76,98) (98,50) (50,37) (37,100) (100,81) (81,5) (5,27) (27,74) (74,64)
23
(89,18) (18,19) (19,49) (81,94) (94,61) (61,63) (63,15) (15,40) (40,82) (82,87) (87,81) (81,79) (79,17) (17,17) (17,38) (38,64) (64,65) (27,58) (58,73) (73,8) (8,38) (38,89) (89,58)
23
(59,34) (34,9) (9,74) (74,95) (95,13) (13,42) (42,36) (36,40) (40,88) (88,75) (75,94) (94,19) (19,33) (33,48) (48,80) (80,98) (98,33) (33,48) (48,41) (41,48) (48,40) (40,16) (16,82)
24
(17,100) (55,18) (18,74) (74,33) (33,43) (43,81) (81,85) (85,83) (9,65) (65,71) (71,63) (63,26) (26,96) (96,52) (52,97) (97,50) (50,70) (70,35) (35,54) (54,25) (25,55) (55,5) (5,48) (48,6)
24
(18,72) (72,98) (98,82) (82,79) (79,33) (33,92) (92,82) (82,51) (51,47) (47,77) (77,92) (92,52) (52,9) (9,79) (79,70) (70,12) (12,86) (86,65) (65,36) (36,79) (79,49) (49,71) (71,25) (25,5)
25
(5,68) (68,25) (25,66) (66,96) (96,70) (70,23) (23,28) (28,3) (3,87) (87,23) (23,32) (97,11) (11,92) (92,90) (90,67) (67,67) (67,77) (77,82) (82,19) (19,72) (72,43) (43,30) (30,5) (5,30) (30,41)
25
(70,33) (33,74) (74,98) (98,15) (15,67) (67,32) (32,81) (81,79) (79,23) (23,1) (1,8) (8,90) (90,37) (37,46) (46,32) (32,71) (71,73) (73,18) (18,61) (61,92) (92,86) (86,16) (16,72) (72,81) (81,3)
26
(72,44) (44,24) (24,3) (3,37) (37,86) (86,45) (45,80) (80,13) (13,86) (86,89) (89,72) (72,81) (81,44) (44,80) (80,1) (1,45) (45,18) (18,8) (8,7) (79,89) (89,35) (35,80) (80,43) (43,46) (46,97) (97,8)
26
(91,23) (23,86) (86,68) (68,96) (96,37) (37,18) (18,91) (91,59) (59,36) (36,90) (90,96) (96,10) (10,57) (57,62) (62,16) (16,13) (13,78) (78,8) (8,53) (53,82) (82,87) (87,18) (18,100) (100,41) (41,68) (68,79)
27
(13,84) (84,17) (17,9) (9,43) (43,42) (42,54) (54,49) (49,56) (63,65) (65,77) (77,90) (90,10) (10,29) (29,15) (15,51) (51,64) (64,24) (24,59) (59,95) (95,82) (82,28) (28,28) (28,94) (94,94) (94,85) (11,37) (37,9)
27
(97,98) (98,60) (60,67) (67,85) (85,96) (96,23) (23,25) (25,28) (28,15) (15,19) (19,68) (68,76) (76,72) (72,33) (33,12) (12,65) (65,28) (28,49) (49,66) (66,69) (69,69) (69,19) (19,10) (10,36) (36,90) (90,22) (22,38)
28
(86,49) (42,96) (96,91) (91,86) (86,14) (14,5) (5,30) (30,98) (98,3) (3,53) (53,79) (79,54) (54,24) (24,11) (11,97) (97,40) (40,26) (26,37) (37,11) (11,58) (58,21) (21,42) (42,12) (12,79) (79,83) (83,50) (50,21) (21,80)
28
(68,44) (44,50) (50,5) (5,31) (31,77) (77,56) (56,98) (98,78) (78,2) (2,32) (32,21) (21,13) (13,97) (97,79) (79,16) (16,42) (42,55) (55,14) (14,100) (100,57) (57,82) (82,93) (93,90) (90,1) (1,23) (23,2) (2,39) (39,54)
29
(79,53) (53,89) (89,81) (81,16) (16,91) (91,68) (68,82) (82,95) (95,73) (73,65) (65,77) (77,83) (83,75) (75,95) (63,16) (16,30) (30,20) (20,63) (63,19) (19,32) (32,82) (82,60) (60,43) (43,19) (19,64) (64,91) (91,22) (22,41) (41,47)
29
(84,3) (3,64) (64,18) (18,93) (93,59) (59,37) (37,35) (35,80) (80,24) (24,76) (76,56) (56,62) (62,83) (83,33) (33,14) (14,66) (66,88) (88,74) (74,31) (31,35) (35,10) (10,99) (99,82) (82,84) (84,40) (40,24) (24,76) (76,34) (34,5)
30
(17,60) (60,38) (38,46) (46,39) (39,71) (71,51) (51,99) (99,77) (77,95) (95,16) (16,94) (94,14) (14,49) (49,90) (90,67) (67,100) (100,72) (72,14) (14,11) (11,3) (3,57) (57,1) (2,59) (59,76) (76,7) (7,74) (74,46) (46,69) (69,84) (84,9)
30
(74,56) (56,75) (75,20) (20,49) (49,12) (12,20) (20,62) (62,60) (60,81) (81,33) (33,91) (91,41) (41,17) (17,58) (58,8) (8,38) (38,90) (90,13) (13,26) (26,43) (43,90) (90,24) (24,97) (97,39) (39,32) (32,84) (84,88) (88,65) (65,50) (50,1)
31
(5,53) (53,20) (17,88) (88,21) (21,37) (37,68) (68,64) (64,42) (42,34) (34,100) (100,70) (70,91) (91,23) (23,20) (20,52) (52,75) (75,44) (44,13) (13,72) (72,68) (68,92) (92,32) (32,40) (85,85) (85,92) (92,46) (46,46) (46,53) (53,54) (54,51) (51,25)
31
(60,9) (9,40) (40,47) (47,27) (27,21) (21,81) (81,53) (53,67) (67,35) (35,6) (6,6) (6,65) (65,54) (54,4) (4,18) (18,51) (51,79) (79,44) (44,96) (96,15) (15,60) (60,15) (15,81) (81,5) (5,9) (9,68) (68,70) (70,86) (86,90) (90,61) (61,53)
32
(20,97) (97,87) (87,86) (86,42) (42,69) (69,64) (64,48) (48,63) (63,51) (51,23) (23,94) (94,57) (57,9) (9,32) (32,93) (93,76) (76,4) (4,6) (6,97) (97,1) (1,43) (43,3) (3,2) (2,33) (33,21) (21,19) (19,48) (48,3) (3,68) (68,30) (30,12) (12,35)
33
(54,47) (15,44) (44,80) (80,43) (43,94) (94,10) (10,97) (97,7) (7,40) (40,75) (75,42) (42,94) (94,1) (1,27) (27,84) (84,75) (75,45) (45,30) (30,66) (66,39) (39,7) (7,37) (37,7) (7,98) (98,36) (36,76) (76,78) (78,65) (65,88) (88,74) (74,27) (27,93) (1,72)
33
(36,54) (54,67) (67,56) (56,66) (66,48) (48,75) (75,61) (61,56) (56,18) (18,66) (66,35) (35,5) (5,15) (15,39) (39,14) (14,44) (44,51) (51,3) (3,56) (56,22) (22,61) (61,61) (61,80) (80,47) (47,72) (72,24) (24,31) (31,12) (12,80) (80,86) (86,23) (23,18) (18,62)
34
(53,83) (83,91) (91,31) (31,96) (96,75) (75,3) (3,74) (74,96) (96,84) (84,71) (71,37) (37,55) (55,35) (35,35) (35,98) (98,59) (59,12) (12,99) (99,70) (70,88) (88,62) (62,3) (3,25) (25,16) (16,56) (56,6) (6,17) (17,69) (69,91) (91,72) (72,99) (99,82) (82,43) (43,15)
35
(23,98) (98,49) (49,42) (73,74) (74,9) (9,4) (4,39) (39,100) (100,64) (64,9) (9,88) (34,84) (84,64) (64,62) (62,99) (99,29) (29,51) (51,84) (84,81) (81,84) (84,24) (24,66) (66,47) (47,34) (34,45) (45,59) (59,68) (68,30) (30,87) (87,1) (1,39) (39,41) (41,54) (54,60) (60,42)
35
(59,22) (22,78) (78,27) (27,29) (29,60) (60,70) (70,8) (8,72) (72,44) (44,99) (99,25) (25,8) (8,48) (48,75) (75,72) (72,31) (31,77) (77,50) (50,48) (48,48) (48,27) (27,34) (34,92) (92,69) (69,34) (34,70) (70,38) (38,81) (81,79) (79,66) (66,3) (3,28) (28,63) (63,67) (67,17)
36
(6,63) (63,46) (46,64) (64,1) (1,59) (59,79) (79,88) (88,83) (61,22) (22,81) (81,99) (99,79) (79,24) (24,14) (14,74) (74,52) (52,93) (93,42) (42,60) (60,45) (45,80) (80,54) (54,34) (34,68) (68,37) (37,79) (79,61) (61,60) (60,40) (40,52) (52,14) (14,46) (46,77) (77,86) (86,37) (37,19)
36
(86,1) (1,35) (35,67) (67,55) (55,92) (92,53) (53,10) (10,33) (33,79) (79,13) (13,91) (91,68) (68,2) (2,33) (33,19) (19,91) (91,43) (43,40) (40,42) (42,18) (18,3) (3,70) (70,55) (55,76) (76,96) (96,27) (27,84) (84,72) (72,49) (49,63) (63,56) (56,57) (57,98) (98,82) (82,61) (61,37)
37
(48,19) (19,37) (37,35) (35,56) (56,19) (19,20) (91,5) (5,38) (38,47) (47,60) (60,14) (14,5) (5,55) (63,81) (81,32) (32,45) (45,59) (59,79) (79,25) (25,69) (69,57) (39,90) (90,1) (1,49) (48,19) (19,80) (80,89) (89,16) (16,92) (92,94) (94,74) (74,72) (72,90) (90,6) (6,7) (7,9) (9,69)
37
(62,2) (2,17) (17,28) (28,96) (96,28) (28,5) (5,45) (45,8) (8,80) (80,40) (40,19) (19,23) (23,60) (60,52) (52,90) (90,51) (51,97) (97,84) (84,55) (55,40) (40,90) (90,36) (36,66) (66,72) (72,37) (37,15) (15,21) (21,69) (69,100) (100,91) (91,75) (75,13) (13,64) (64,78) (78,75) (75,5) (5,71)
38
(62,78) (78,69) (69,2) (2,29) (29,80) (80,80) (80,33) (33,23) (23,21) (22,11) (11,35) (35,34) (34,85) (1,6) (6,76) (76,25) (25,11) (11,91) (91,14) (14,27) (27,34) (34,47) (47,46) (46,33) (33,58) (58,100) (100,83) (83,50) (50,51) (51,87) (87,11) (11,9) (9,38) (38,71) (71,50) (50,36) (36,73) (73,2)
38
(42,27) (27,96) (96,19) (19,88) (88,43) (43,64) (64,7) (7,16) (16,83) (83,28) (28,30) (30,6) (6,3) (3,99) (99,24) (24,27) (27,99) (99,41) (41,24) (24,89) (89,68) (68,43) (43,99) (99,87) (87,10) (10,49) (49,9) (9,59) (59,79) (79,19) (19,64) (64,46) (46,12) (12,28) (28,60) (60,59) (59,4) (4,22)
39
(44,3) (3,45) (45,5) (5,100) (100,21) (21,74) (74,40) (40,11) (11,60) (60,31) (31,19) (19,49) (49,56) (56,85) (85,86) (86,95) (95,23) (23,42) (42,26) (26,94) (58,82) (82,4) (4,100) (48,98) (52,91) (91,51) (51,18) (18,100) (100,14) (14,34) (34,89) (89,7) (7,75) (75,61) (61,25) (25,9) (9,91) (91,81) (81,26)
39
(17,87) (87,71) (71,96) (96,18) (18,12) (12,96) (96,87) (87,24) (24,90) (90,90) (90,86) (86,22) (22,58) (58,62) (62,83) (83,27) (27,55) (55,62) (62,7) (7,88) (88,52) (52,60) (60,17) (17,41) (41,15) (15,49) (49,10) (10,77) (77,28) (28,14) (14,76) (76,100) (100,72) (72,50) (50,20) (20,64) (64,94) (94,16) (16,84)
40
(86,27) (27,33) (33,92) (92,74) (74,68) (68,63) (63,4) (4,72) (72,60) (14,81) (81,52) (52,27) (27,49) (49,83) (83,5) (5,36) (36,84) (84,50) (50,74) (74,74) (74,52) (52,12) (12,68) (68,69) (69,5) (5,27) (27,55) (55,13) (13,10) (10,47) (47,65) (65,42) (42,27) (27,39) (39,30) (30,36) (36,80) (80,12) (12,9) (9,85)
40
(91,94) (94,16) (16,75) (75,14) (14,49) (49,7) (7,37) (37,98) (98,79) (79,90) (90,13) (13,92) (92,6) (6,93) (93,24) (24,90) (90,82) (82,41) (41,56) (56,42) (42,92) (92,30) (30,96) (96,43) (43,98) (98,66) (66,54) (54,32) (32,80) (80,17) (17,24) (24,73) (73,75) (75,64) (64,16) (16,22) (22,55) (55,60) (60,9) (9,70)
41
(15,76) (76,45) (45,84) (84,20) (20,39) (39,52) (52,49) (49,2) (2,5) (5,48) (48,6) (6,24) (24,15) (15,75) (75,70) (70,44) (46,53) (53,87) (87,43) (43,76) (76,72) (72,96) (96,11) (11,63) (63,18) (18,33) (33,56) (56,11) (11,82) (82,71) (71,38) (38,36) (36,7) (7,85) (85,54) (54,76) (76,81) (81,69) (69,64) (64,83) (83,1)
41
(60,85) (85,42) (42,59) (59,63) (63,94) (94,84) (84,83) (83,29) (29,87) (87,65) (65,73) (73,20) (20,80) (80,3) (3,57) (57,77) (77,94) (94,18) (18,29) (29,55) (55,13) (13,70) (70,21) (21,11) (11,69) (69,57) (57,93) (93,42) (42,78) (78,34) (34,61) (61,25) (25,43) (43,93) (93,90) (90,76) (76,83) (83,73) (73,30) (30,63) (63,29)
42
(10,66) (66,42) (42,29) (29,5) (5,43) (43,69) (69,35) (35,31) (31,42) (42,6) (6,52) (52,1) (1,4) (4,66) (66,41) (41,60) (60,66) (66,43) (43,46) (5,1) (1,69) (69,29) (39,20) (20,38) (38,96) (96,36) (36,42) (42,27) (27,90) (90,90) (90,69) (69,64) (64,17) (17,1) (1,2) (2,11) (11,93) (93,64) (64,81) (81,11) (11,56) (56,77)
42
(46,93) (93,29) (29,23) (23,85) (85,46) (46,16) (16,60) (60,58) (58,48) (48,69) (69,44) (44,26) (26,11) (11,59) (59,36) (36,18) (18,75) (75,85) (85,83) (83,18) (18,32) (32,90) (90,12) (12,9) (9,35) (35,60) (60,87) (87,19) (19,32) (32,35) (35,30) (30,18) (18,9) (9,8) (8,12) (12,19) (19,85) (85,92) (92,91) (91,32) (32,54) (54,90)
43
(34,7) (7,61) (61,11) (11,84) (84,58) (58,53) (53,98) (98,52) (52,30) (30,68) (68,49) (49,3) (3,65) (65,87) (87,53) (53,65) (65,55) (55,14) (85,14) (14,87) (87,79) (79,52) (52,77) (77,64) (64,79) (79,23) (23,38) (38,39) (39,46) (30,74) (74,94) (94,45) (45,80) (80,32) (32,6) (6,63) (63,39) (8,37) (37,90) (90,95) (95,12) (12,93) (93,29)
43
(13,91) (91,70) (70,8) (8,29) (29,80) (80,62) (62,89) (89,70) (70,40) (40,51) (51,91) (91,60) (60,73) (73,5) (5,13) (13,66) (66,98) (98,21) (21,21) (21,44) (44,42) (42,81) (81,36) (36,6) (6,84) (84,61) (61,21) (21,49) (49,45) (45,80) (80,31) (31,27) (27,56) (56,8) (8,44) (44,78) (78,64) (64,34) (34,12) (12,24) (24,49) (49,29) (29,12)
44
(71,89) (89,36) (36,28) (28,47) (47,53) (53,54) (54,3) (3,11) (11,95) (95,92) (92,37) (37,47) (47,84) (84,95) (95,22) (22,68) (68,97) (18,7) (7,85) (85,31) (31,43) (43,29) (29,87) (87,1) (1,90) (90,6) (6,97) (97,57) (57,11) (11,75) (75,84) (84,39) (39,35) (35,73) (73,25) (25,12) (12,68) (68,31) (31,98) (98,23) (23,87) (87,5) (5,79) (79,99)
44
(29,67) (67,7) (7,73) (73,71) (71,17) (17,66) (66,56) (56,12) (12,78) (78,97) (97,78) (78,71) (71,7) (7,46) (46,85) (85,59) (59,3) (3,61) (61,42) (42,79) (79,32) (32,22) (22,83) (83,5) (5,14) (14,22) (22,12) (12,15) (15,60) (60,68) (68,41) (41,100) (100,56) (56,66) (66,33) (33,98) (98,65) (65,32) (32,85) (85,10) (10,50) (50,39) (39,24) (24,52)
45
(55,52) (52,60) (60,94) (94,20) (20,28) (28,54) (54,79) (79,20) (20,74) (74,83) (83,78) (78,71) (71,54) (54,31) (31,98) (98,3) (3,78) (78,95) (95,23) (23,88) (88,94) (94,3) (3,81) (81,25) (25,7) (7,44) (44,60) (60,17) (17,49) (49,20) (20,91) (91,43) (43,62) (62,14) (14,14) (14,3) (3,58) (58,72) (72,9) (9,78) (78,16) (16,98) (82,60) (60,51) (51,17)
45
(88,8) (8,98) (98,29) (29,42) (42,21) (21,98) (98,64) (64,97) (97,10) (10,28) (28,77) (77,5) (5,12) (12,93) (93,100) (100,67) (67,38) (38,36) (36,82) (82,30) (30,13) (13,16) (16,74) (74,81) (81,37) (37,47) (47,87) (87,39) (39,48) (48,65) (65,67) (67,16) (16,74) (74,100) (100,69) (69,54) (54,37) (37,27) (27,3) (3,53) (53,10) (10,77) (77,81) (81,9) (9,12)
46
(74,26) (26,33) (33,51) (51,28) (28,49) (49,60) (60,65) (65,20) (20,97) (97,95) (95,23) (23,68) (68,38) (38,66) (66,40) (40,48) (48,89) (89,32) (32,24) (24,80) (80,48) (48,58) (58,99) (99,44) (44,28) (28,73) (73,49) (49,66) (66,39) (39,81) (81,56) (56,75) (75,84) (84,7) (7,37) (37,70) (70,37) (37,30) (30,12) (4,74) (74,90) (90,27) (27,10) (10,86) (86,43) (43,10)
46
(43,37) (37,33) (33,94) (94,48) (48,41) (41,86) (86,96) (96,58) (58,1) (1,22) (22,44) (44,97) (97,49) (49,98) (98,57) (57,15) (15,96) (96,97) (97,29) (29,18) (18,71) (71,14) (14,84) (84,65) (65,63) (63,86) (86,29) (29,11) (11,24) (24,82) (82,48) (48,91) (91,62) (62,98) (98,11) (11,80) (80,4) (4,20) (20,88) (88,25) (25,89) (89,34) (34,7) (7,72) (72,25) (25,18)
47
(21,42) (42,56) (56,10) (10,3) (3,36) (36,38) (38,75) (75,22) (22,85) (23,63) (63,36) (36,84) (84,16) (16,30) (30,72) (72,49) (49,24) (24,1) (1,4) (4,76) (76,36) (36,100) (100,71) (71,54) (54,63) (63,2) (2,80) (80,74) (74,80) (80,44) (44,60) (60,78) (78,90) (90,90) (90,44) (44,84) (84,81) (81,41) (41,11) (11,49) (49,65) (65,35) (35,37) (37,75) (75,3) (3,37) (37,15)
47
(18,7) (7,34) (34,83) (83,35) (35,97) (97,97) (97,3) (3,63) (63,53) (53,91) (91,12) (12,16) (16,93) (93,95) (95,33) (33,20) (20,39) (39,60) (60,8) (8,58) (58,66) (66,1) (1,55) (55,90) (90,77) (77,78) (78,47) (47,63) (63,16) (16,57) (57,79) (79,50) (50,68) (68,3) (3,18) (18,36) (36,98) (98,46) (46,58) (58,98) (98,17) (17,32) (32,95) (95,81) (81,64) (64,72) (72,9)
48
(50,78) (78,15) (15,20) (20,23) (23,68) (68,48) (48,47) (47,21) (21,57) (57,85) (85,97) (97,90) (90,6) (6,14) (14,15) (15,92) (92,95) (95,95) (95,11) (11,72) (72,64) (64,43) (43,50) (50,14) (14,6) (6,58) (58,60) (60,74) (94,2) (2,3) (3,69) (69,29) (29,7) (7,50) (50,80) (80,96) (96,33) (33,74) (74,38) (38,91) (91,56) (56,46) (46,39) (39,14) (14,50) (50,62) (62,40) (40,28)
48
(35,32) (32,78) (78,49) (49,8) (8,62) (62,73) (73,82) (82,34) (34,47) (47,32) (32,25) (25,38) (38,56) (56,16) (16,77) (77,39) (39,11) (11,80) (80,21) (21,92) (92,12) (12,51) (51,85) (85,97) (97,55) (55,75) (75,55) (55,6) (6,94) (94,2) (2,33) (33,5) (5,63) (63,82) (82,66) (66,25) (25,79) (79,65) (65,73) (73,34) (34,51) (51,53) (53,68) (68,55) (55,92) (92,25) (25,25) (25,21)
49
(74,62) (69,55) (55,4) (4,84) (84,16) (16,59) (59,57) (57,30) (30,80) (80,47) (47,32) (32,42) (48,35) (35,92) (92,99) (99,92) (92,5) (5,25) (25,87) (87,88) (88,90) (90,26) (26,82) (82,53) (53,59) (59,13) (13,98) (98,30) (30,4) (4,24) (24,37) (37,16) (16,36) (36,42) (42,51) (51,95) (95,59) (59,68) (68,12) (70,10) (10,77) (77,45) (45,17) (17,63) (63,75) (75,71) (71,37) (37,38) (38,97)
49
(19,17) (17,71) (71,22) (22,7) (7,36) (36,59) (59,27) (27,89) (89,34) (34,23) (23,9) (9,81) (81,37) (37,1) (1,96) (96,58) (58,33) (33,71) (71,18) (18,92) (92,21) (21,89) (89,84) (84,70) (70,74) (74,42) (42,36) (36,19) (19,65) (65,72) (72,83) (83,70) (70,1) (1,81) (81,19) (19,76) (76,68) (68,89) (89,44) (44,40) (40,56) (56,25) (25,26) (26,53) (53,28) (28,75) (75,13) (13,20) (20,41)
50
(64,88) (32,54) (54,68) (68,60) (60,24) (24,56) (56,59) (59,99) (99,50) (50,54) (54,76) (76,12) (12,71) (71,90) (90,94) (94,2) (2,7) (7,27) (27,57) (57,78) (78,30) (30,78) (78,59) (59,79) (79,31) (31,72) (72,83) (83,10) (10,43) (43,65) (65,92) (92,100) (100,4) (4,88) (88,79) (79,43) (43,29) (29,90) (90,75) (75,43) (43,8) (8,65) (43,51) (51,7) (7,59) (59,61) (61,74) (74,33) (33,5) (5,33)
50
(86,40) (40,57) (57,56) (56,26) (26,84) (84,11) (11,64) (64,95) (95,37) (37,75) (75,73) (73,67) (67,20) (20,19) (19,77) (77,68) (68,33) (33,89) (89,45) (45,6) (6,40) (40,28) (28,40) (40,63) (63,37) (37,72) (72,80) (80,24) (24,38) (38,37) (37,14) (14,88) (88,34) (34,76) (76,38) (38,94) (94,81) (81,41) (41,56) (56,51) (51,19) (19,16) (16,9) (9,43) (43,11) (11,69) (69,80) (80,11) (11,39) (39,35)
51
(6,33) (33,61) (61,64) (64,71) (71,85) (85,55) (55,7) (7,100) (100,15) (15,97) (97,79) (79,40) (40,54) (54,34) (34,53) (53,48) (48,52) (52,58) (52,13) (13,12) (12,26) (26,98) (98,39) (39,38) (38,73) (73,27) (27,23) (23,25) (25,83) (83,35) (35,96) (96,93) (93,56) (56,71) (71,34) (34,31) (31,54) (54,92) (92,28) (28,37) (37,84) (84,15) (15,66) (66,39) (39,56) (56,99) (99,32) (32,37) (37,15) (15,73) (73,55)
51
(82,42) (42,64) (64,20) (20,82) (82,33) (33,19) (19,30) (30,70) (70,19) (19,72) (72,35) (35,59) (59,97) (97,14) (14,6) (6,9) (9,30) (30,62) (62,26) (26,26) (26,64) (64,80) (80,74) (74,87) (87,94) (94,7) (7,50) (50,85) (85,94) (94,21) (21,31) (31,89) (89,69) (69,96) (96,32) (32,50) (50,75) (75,30) (30,53) (53,44) (44,81) (81,2) (2,20) (20,81) (81,97) (97,55) (55,91) (91,89) (89,16) (16,26) (26,51)
52
(23,90) (90,72) (72,98) (98,87) (87,71) (71,62) (62,29) (29,31) (31,100) (100,1) (1,35) (35,90) (90,31) (31,95) (95,90) (90,42) (42,15) (15,55) (55,47) (47,51) (51,23) (23,63) (63,5) (5,23) (23,73) (73,41) (41,93) (93,42) (42,95) (95,7) (7,53) (53,54) (93,11) (11,18) (18,2) (2,41) (41,48) (48,92) (92,99) (99,16) (16,89) (89,76) (76,74) (74,18) (18,66) (66,79) (79,42) (42,5) (5,100) (100,72) (72,67) (67,37)
52
(89,76) (76,95) (95,33) (33,47) (47,24) (24,34) (34,26) (26,21) (21,84) (84,85) (85,15) (15,78) (78,12) (12,12) (12,77) (77,11) (11,35) (35,25) (25,50) (50,78) (78,68) (68,69) (69,69) (69,24) (24,93) (93,63) (63,37) (37,22) (22,35) (35,24) (24,78) (78,53) (53,99) (99,36) (36,42) (42,5) (5,99) (99,20) (20,74) (74,88) (88,95) (95,69) (69,69) (69,59) (59,8) (8,61) (61,60) (60,53) (53,16) (16,59) (59,79) (79,81)
53
(99,47) (47,89) (89,2) (98,76) (76,2) (2,64) (87,79) (79,46) (46,64) (64,89) (89,91) (91,34) (34,88) (88,49) (49,20) (20,22) (22,46) (46,63) (63,35) (35,6) (6,43) (43,8) (8,35) (35,47) (47,8) (8,86) (86,74) (74,69) (69,62) (62,80) (80,74) (74,60) (60,15) (15,27) (27,85) (85,9) (41,19) (19,23) (23,46) (46,11) (11,26) (26,71) (71,58) (58,43) (43,56) (56,98) (98,36) (36,57) (57,50) (50,18) (18,82) (82,24) (24,39)
53
(18,12) (12,70) (70,14) (14,23) (23,92) (92,29) (29,94) (94,52) (52,16) (16,62) (62,79) (79,94) (94,18) (18,56) (56,92) (92,18) (18,61) (61,100) (100,45) (45,67) (67,54) (54,8) (8,22) (22,15) (15,73) (73,63) (63,63) (63,87) (87,48) (48,100) (100,48) (48,22) (22,68) (68,71) (71,23) (23,68) (68,10) (10,56) (56,69) (69,71) (71,56) (56,57) (57,45) (45,26) (26,13) (13,81) (81,3) (3,24) (24,9) (9,88) (88,93) (93,21) (21,18)
54
(16,16) (16,82) (82,84) (47,6) (6,32) (32,58) (58,28) (28,18) (18,1) (1,2) (2,9) (88,55) (97,7) (7,71) (71,47) (47,31) (31,54) (42,46) (46,10) (10,40) (40,73) (73,38) (38,8) (8,69) (69,22) (22,90) (90,12) (12,17) (17,81) (81,3) (3,22) (22,2) (2,38) (38,21) (37,7) (7,86) (86,67) (67,77) (77,18) (18,90) (90,60) (60,1) (1,12) (12,63) (63,5) (5,8) (8,4) (4,90) (90,33) (33,4) (4,94) (94,33) (33,38) (38,24)
54
(69,29) (29,7) (7,34) (34,64) (64,51) (51,52) (52,96) (96,68) (68,89) (89,6) (6,49) (49,81) (81,68) (68,50) (50,72) (72,39) (39,53) (53,1) (1,31) (31,38) (38,83) (83,31) (31,64) (64,83) (83,94) (94,68) (68,2) (2,80) (80,100) (100,51) (51,34) (34,12) (12,47) (47,55) (55,97) (97,34) (34,93) (93,85) (85,28) (28,43) (43,18) (18,61) (61,5) (5,7) (7,58) (58,42) (42,21) (21,30) (30,76) (76,22) (22,19) (19,62) (62,94) (94,84)
55
(26,5) (5,58) (58,14) (14,3) (3,91) (91,54) (54,29) (29,48) (48,87) (87,98) (98,8) (8,92) (92,20) (7,25) (25,14) (14,41) (41,78) (78,43) (43,57) (57,92) (92,23) (23,30) (30,81) (81,23) (23,89) (89,17) (17,86) (91,71) (1,58) (64,20) (20,62) (62,39) (39,18) (18,76) (76,35) (35,23) (23,91) (91,49) (49,80) (80,75) (75,92) (14,13) (13,33) (33,88) (88,29) (29,2) (2,76) (76,10) (10,3) (3,37) (37,82) (82,76) (76,30) (30,19) (19,43)
55
(89,6) (6,57) (57,11) (11,57) (57,23) (23,3) (3,41) (41,55) (55,26) (26,69) (69,89) (89,18) (18,91) (91,38) (38,6) (6,70) (70,75) (75,76) (76,84) (84,40) (40,47) (47,49) (49,24) (24,39) (39,40) (40,37) (37,91) (91,24) (24,98) (98,80) (80,62) (62,20) (20,100) (100,65) (65,41) (41,57) (57,34) (34,12) (12,79) (79,89) (89,99) (99,93) (93,34) (34,95) (95,28) (28,40) (40,27) (27,55) (55,57) (57,18) (18,91) (91,63) (63,5) (5,32) (32,86)
56
(25,8) (8,58) (58,9) (9,57) (57,3) (3,6) (6,2) (2,100) (100,87) (87,64) (64,44) (44,33) (33,35) (35,77) (77,8) (8,48) (48,69) (69,97) (97,74) (74,35) (35,99) (99,96) (96,80) (80,54) (54,73) (73,24) (24,20) (20,61) (61,21) (21,24) (24,87) (87,84) (84,5) (5,55) (55,15) (15,77) (77,48) (48,3) (3,70) (70,31) (31,13) (13,20) (20,62) (62,98) (98,75) (97,97) (97,15) (15,52) (52,33) (33,81) (81,12) (12,2) (2,57) (57,3) (96,82) (75,37)
56
(7,65) (65,3) (3,86) (86,71) (71,3) (3,79) (79,3) (3,40) (40,90) (90,17) (17,20) (20,77) (77,20) (20,81) (81,99) (99,28) (28,53) (53,28) (28,21) (21,60) (60,30) (30,37) (37,33) (33,68) (68,9) (9,44) (44,93) (93,82) (82,45) (45,77) (77,66) (66,24) (24,83) (83,69) (69,94) (94,82) (82,98) (98,71) (71,21) (21,78) (78,16) (16,83) (83,75) (75,89) (89,86) (86,98) (98,2) (2,4) (4,24) (24,55) (55,46) (46,96) (96,87) (87,1) (1,9) (9,23)
57
(1,38) (38,2) (2,83) (83,11) (11,80) (80,14) (14,87) (87,25) (69,20) (20,91) (91,82) (82,98) (98,49) (49,87) (87,17) (17,10) (10,24) (24,37) (37,34) (34,9) (9,39) (39,22) (22,92) (92,86) (86,76) (76,52) (38,68) (50,69) (69,14) (14,12) (12,57) (57,86) (86,94) (94,95) (95,66) (66,91) (91,86) (86,35) (35,88) (88,57) (57,30) (30,92) (92,27) (27,30) (30,58) (58,35) (35,36) (36,38) (38,81) (81,52) (52,58) (58,90) (90,14) (14,73) (73,40) (40,13) (13,45)
57
(32,89) (89,40) (40,7) (7,18) (18,93) (93,88) (88,69) (69,42) (42,57) (57,82) (82,70) (70,3) (3,52) (52,31) (31,63) (63,40) (40,78) (78,19) (19,71) (71,69) (69,30) (30,26) (26,100) (100,89) (89,75) (75,99) (99,57) (57,39) (39,75) (75,9) (9,94) (94,46) (46,36) (36,27) (27,67) (67,94) (94,97) (97,7) (7,92) (92,47) (47,8) (8,83) (83,58) (58,99) (99,74) (74,92) (92,20) (20,37) (37,41) (41,65) (65,42) (42,81) (81,16) (16,61) (61,4) (4,2) (2,46)
58
(44,75) (75,5) (5,59) (59,9) (9,58) (58,83) (83,87) (87,78) (78,36) (36,48) (48,86) (86,24) (24,62) (62,4) (4,83) (83,9) (9,99) (99,88) (88,98) (98,62) (62,42) (42,40) (10,31) (31,15) (15,16) (16,48) (48,53) (53,14) (14,30) (30,46) (46,93) (93,51) (51,3) (3,68) (68,91) (91,45) (45,2) (2,28) (28,99) (99,60) (60,98) (98,22) (22,38) (38,24) (24,20) (20,94) (32,62) (62,35) (3,89) (89,18) (18,100) (100,16) (76,86) (86,82) (82,8) (8,96) (52,19) (19,70)
58
(97,10) (10,99) (99,7) (7,95) (95,75) (75,97) (97,62) (62,84) (84,17) (17,40) (40,79) (79,35) (35,76) (76,28) (28,65) (65,26) (26,46) (46,88) (88,16) (16,89) (89,18) (18,71) (71,14) (14,59) (59,62) (62,4) (4,23) (23,73) (73,22) (22,7) (7,13) (13,13) (13,72) (72,64) (64,98) (98,53) (53,94) (94,55) (55,74) (74,81) (81,35) (35,64) (64,100) (100,22) (22,59) (59,41) (41,45) (45,64) (64,13) (13,94) (94,59) (59,25) (25,61) (61,29) (29,9) (9,32) (32,59) (59,43)
59
(84,43) (43,72) (72,49) (49,90) (90,26) (26,15) (15,56) (56,60) (60,59) (59,99) (14,22) (22,60) (60,54) (54,48) (48,25) (25,84) (84,45) (45,40) (40,69) (69,15) (15,9) (9,41) (41,94) (94,68) (68,17) (17,63) (63,11) (83,80) (80,81) (81,33) (33,17) (17,34) (34,93) (93,77) (77,71) (80,9) (9,9) (9,64) (57,19) (19,74) (74,37) (37,35) (35,93) (93,35) (35,38) (38,55) (55,78) (78,11) (11,96) (96,42) (42,42) (42,42) (42,71) (71,18) (18,89) (89,89) (89,29) (29,32) (32,27)
59
(84,82) (82,55) (55,37) (37,63) (63,56) (56,71) (71,87) (87,29) (29,57) (57,19) (19,22) (22,82) (82,75) (75,99) (99,36) (36,100) (100,14) (14,31) (31,35) (35,64) (64,54) (54,53) (53,68) (68,64) (64,53) (53,93) (93,81) (81,97) (97,79) (79,48) (48,60) (60,69) (69,75) (75,50) (50,5) (5,26) (26,86) (86,5) (5,60) (60,20) (20,6) (6,4) (4,23) (23,77) (77,20) (20,32) (32,44) (44,88) (88,67) (67,15) (15,74) (74,35) (35,23) (23,61) (61,3) (3,11) (11,61) (61,82) (82,39)
60
(94,56) (56,6) (6,44) (44,57) (57,10) (10,12) (12,11) (11,27) (27,57) (57,65) (65,33) (33,6) (6,68) (68,76) (76,43) (43,22) (22,91) (91,27) (27,89) (89,6) (6,28) (18,86) (86,77) (77,15) (15,35) (25,74) (74,32) (32,67) (67,13) (13,10) (10,8) (80,28) (28,83) (83,99) (99,10) (10,65) (65,32) (32,11) (11,37) (37,14) (14,8) (8,62) (62,46) (46,87) (87,98) (62,88) (88,38) (38,67) (67,8) (8,85) (85,70) (70,67) (67,6) (6,15) (15,20) (20,58) (58,30) (30,94) (94,29) (29,50)
60
(9,89) (89,43) (43,49) (49,3) (3,27) (27,26) (26,82) (82,21) (21,61) (61,3) (3,38) (38,51) (51,12) (12,56) (56,78) (78,51) (51,29) (29,61) (61,30) (30,43) (43,29) (29,41) (41,47) (47,47) (47,4) (4,17) (17,15) (15,53) (53,91) (91,41) (41,45) (45,48) (48,6) (6,8) (8,65) (65,11) (11,34) (34,8) (8,46) (46,98) (98,7) (7,78) (78,78) (78,53) (53,52) (52,46) (46,37) (37,40) (40,95) (95,34) (34,34) (34,98) (98,32) (32,52) (52,91) (91,68) (68,32) (32,76) (76,16) (16,78)
61
(42,50) (50,52) (52,26) (26,69) (13,70) (70,54) (54,14) (14,11) (11,21) (21,6) (6,9) (9,55) (55,30) (30,63) (63,65) (65,85) (85,95) (95,12) (12,15) (15,13) (13,21) (21,15) (15,51) (51,53) (53,56) (56,95) (95,40) (40,74) (74,28) (28,12) (12,6) (6,97) (97,17) (17,64) (64,41) (41,97) (97,83) (83,44) (44,14) (14,48) (48,90) (90,90) (90,51) (51,72) (72,21) (21,90) (90,68) (68,57) (57,94) (94,45) (45,2) (2,21) (21,97) (97,7) (7,46) (46,43) (43,15) (15,4) (4,62) (62,95) (95,80)
61
(81,51) (51,68) (68,5) (5,52) (52,44) (44,100) (100,28) (28,56) (56,53) (53,8) (8,42) (42,96) (96,10) (10,39) (39,37) (37,47) (47,39) (39,30) (30,25) (25,14) (14,9) (9,76) (76,65) (65,45) (45,94) (94,100) (100,59) (59,34) (34,19) (19,8) (8,49) (49,53) (53,98) (98,43) (43,68) (68,40) (40,17) (17,81) (81,45) (45,93) (93,67) (67,25) (25,24) (24,68) (68,68) (68,84) (84,57) (57,5) (5,14) (14,79) (79,75) (75,86) (86,90) (90,85) (85,96) (96,70) (70,71) (71,32) (32,37) (37,46) (46,35)
62
(3,70) (71,86) (86,39) (39,31) (31,50) (50,100) (100,85) (85,50) (50,4) (4,72) (72,58) (58,71) (71,57) (57,78) (39,5) (5,70) (70,48) (48,51) (51,83) (83,87) (87,34) (34,94) (94,33) (33,41) (41,77) (77,47) (47,32) (32,59) (59,62) (62,77) (77,22) (22,20) (20,60) (60,50) (50,45) (45,54) (54,3) (3,15) (15,61) (61,80) (80,56) (56,26) (93,50) (50,84) (84,61) (61,1) (1,56) (56,3) (3,66) (66,24) (24,90) (90,100) (100,16) (16,22) (22,94) (94,60) (60,3) (3,77) (77,24) (24,12) (12,55) (55,49)
62
(46,89) (89,55) (55,67) (67,89) (89,19) (19,15) (15,83) (83,78) (78,6) (6,98) (98,29) (29,81) (81,54) (54,38) (38,31) (31,43) (43,78) (78,3) (3,32) (32,35) (35,32) (32,18) (18,54) (54,36) (36,1) (1,9) (9,35) (35,19) (19,20) (20,20) (20,7) (7,6) (6,67) (67,7) (7,20) (20,71) (71,65) (65,44) (44,14) (14,60) (60,71) (71,44) (44,65) (65,75) (75,28) (28,63) (63,7) (7,92) (92,72) (72,95) (95,25) (25,52) (52,36) (36,54) (54,29) (29,47) (47,84) (84,59) (59,99) (99,73) (73,72) (72,22)
63
(45,93) (93,51) (51,53) (53,71) (71,84) (84,96) (96,63) (63,6) (6,45) (45,33) (33,49) (49,2) (2,65) (65,93) (93,40) (40,26) (26,23) (23,29) (29,25) (25,91) (91,66) (66,65) (65,77) (77,17) (17,65) (65,77) (77,18) (18,69) (69,46) (58,76) (76,43) (43,50) (50,79) (79,99) (99,89) (89,97) (97,9) (9,38) (38,100) (100,32) (32,41) (41,89) (89,3) (3,92) (92,18) (18,83) (83,81) (81,5) (5,61) (61,68) (51,80) (80,66) (66,97) (97,74) (74,25) (25,91) (91,93) (93,99) (99,23) (23,31) (31,69) (69,43) (43,81)
63
(75,59) (59,1) (1,75) (75,66) (66,30) (30,31) (31,43) (43,85) (85,79) (79,29) (29,53) (53,48) (48,75) (75,49) (49,90) (90,87) (87,10) (10,43) (43,71) (71,62) (62,22) (22,45) (45,36) (36,95) (95,54) (54,93) (93,44) (44,26) (26,25) (25,90) (90,11) (11,39) (39,21) (21,46) (46,64) (64,38) (38,10) (10,70) (70,60) (60,50) (50,38) (38,48) (48,55) (55,21) (21,12) (12,21) (21,36) (36,4) (4,88) (88,72) (72,94) (94,59) (59,86) (86,8) (8,21) (21,79) (79,8) (8,96) (96,30) (30,39) (39,62) (62,82) (82,35)
64
(87,69) (69,41) (41,27) (27,95) (95,6) (6,20) (20,93) (93,37) (37,57) (57,75) (75,16) (16,87) (87,23) (23,85) (85,54) (54,28) (28,23) (23,32) (32,75) (75,71) (71,29) (29,31) (31,14) (14,67) (67,94) (94,55) (55,36) (36,59) (59,11) (11,10) (10,90) (90,82) (82,15) (15,44) (44,24) (24,53) (53,28) (28,43) (43,98) (98,12) (12,39) (39,88) (88,48) (48,88) (88,10) (39,78) (78,19) (19,87) (87,94) (94,36) (36,22) (22,28) (28,3) (3,65) (65,100) (100,66) (66,36) (36,34) (34,42) (42,7) (7,60) (60,70) (70,75) (75,90)
64
(37,51) (51,70) (70,89) (89,63) (63,18) (18,72) (72,32) (32,50) (50,20) (20,63) (63,92) (92,40) (40,67) (67,35) (35,43) (43,92) (92,77) (77,47) (47,86) (86,64) (64,91) (91,72) (72,82) (82,8) (8,29) (29,10) (10,62) (62,32) (32,57) (57,17) (17,37) (37,5) (5,58) (58,87) (87,2) (2,59) (59,92) (92,48) (48,48) (48,54) (54,60) (60,6) (6,47) (47,55) (55,32) (32,21) (21,24) (24,50) (50,48) (48,81) (81,100) (100,86) (86,93) (93,26) (26,49) (49,52) (52,98) (98,39) (39,62) (62,38) (38,83) (83,34) (34,5) (5,34)
65
(34,21) (21,59) (59,65) (65,10) (27,40) (40,93) (93,89) (89,85) (85,84) (84,28) (28,76) (76,32) (32,12) (12,40) (40,98) (98,63) (63,12) (12,71) (71,87) (87,54) (54,76) (76,19) (19,22) (22,93) (93,27) (27,71) (71,92) (92,98) (98,76) (76,97) (97,96) (85,93) (93,42) (42,32) (32,77) (77,32) (32,89) (89,7) (7,68) (68,23) (23,99) (99,42) (42,67) (27,12) (12,15) (15,99) (99,72) (72,66) (66,16) (77,80) (80,13) (13,40) (40,74) (74,99) (99,64) (64,86) (86,36) (36,91) (91,48) (48,67) (67,51) (51,53) (37,75) (75,78) (78,4)
65
(44,30) (30,46) (46,45) (45,54) (54,36) (36,88) (88,13) (13,25) (25,84) (84,38) (38,66) (66,74) (74,96) (96,82) (82,53) (53,100) (100,2) (2,68) (68,20) (20,3) (3,36) (36,58) (58,40) (40,77) (77,44) (44,5) (5,91) (91,12) (12,3) (3,59) (59,47) (47,66) (66,40) (40,89) (89,64) (64,7) (7,39) (39,30) (30,92) (92,14) (14,11) (11,27) (27,30) (30,48) (48,22) (22,75) (75,38) (38,67) (67,15) (15,25) (25,59) (59,99) (99,28) (28,69) (69,67) (67,14) (14,87) (87,78) (78,90) (90,1) (1,56) (56,95) (95,75) (75,69) (69,80)
66
(84,9) (9,31) (31,80) (80,2) (2,41) (41,36) (36,71) (27,34) (34,49) (49,94) (94,32) (32,94) (94,23) (23,74) (74,10) (10,59) (59,20) (20,90) (90,1) (1,72) (72,39) (39,29) (29,79) (79,71) (71,36) (36,12) (12,60) (60,58) (58,59) (59,67) (67,23) (23,50) (50,51) (51,50) (50,83) (83,27) (27,80) (80,48) (48,8) (8,88) (88,39) (39,26) (10,16) (16,18) (18,54) (54,20) (20,55) (55,54) (54,5) (5,49) (49,93) (93,91) (91,44) (44,86) (86,31) (31,20) (20,9) (9,38) (38,48) (48,17) (17,62) (62,79) (79,96) (96,75) (75,62) (62,85)
66
(89,53) (53,85) (85,15) (15,98) (98,49) (49,11) (11,18) (18,67) (67,9) (9,70) (70,79) (79,33) (33,45) (45,34) (34,23) (23,14) (14,43) (43,19) (19,78) (78,79) (79,42) (42,41) (41,5) (5,64) (64,12) (12,98) (98,61) (61,14) (14,86) (86,30) (30,19) (19,2) (2,66) (66,62) (62,29) (29,32) (32,25) (25,17) (17,32) (32,97) (97,89) (89,17) (17,63) (63,4) (4,7) (7,72) (72,31) (31,85) (85,27) (27,61) (61,49) (49,14) (14,90) (90,28) (28,12) (12,49) (49,2) (2,75) (75,36) (36,31) (31,13) (13,49) (49,35) (35,35) (35,100) (100,38)
67
(35,58) (58,60) (60,26) (26,81) (81,79) (79,23) (23,85) (85,92) (92,35) (35,32) (32,73) (73,58) (58,59) (59,5) (5,93) (93,44) (44,63) (63,77) (77,43) (43,80) (80,80) (80,57) (87,66) (66,84) (84,72) (72,60) (60,81) (8,92) (92,85) (85,33) (33,48) (48,82) (82,80) (81,96) (96,4) (4,21) (21,19) (19,51) (51,63) (63,26) (57,86) (86,38) (38,63) (63,93) (93,100) (100,58) (58,92) (92,46) (46,26) (26,27) (27,97) (97,39) (39,56) (56,92) (92,94) (94,58) (58,35) (35,46) (46,81) (81,15) (15,99) (99,43) (43,55) (55,64) (64,89) (89,64) (64,50)
67
(33,29) (29,16) (16,33) (33,85) (85,96) (96,52) (52,40) (40,26) (26,99) (99,15) (15,49) (49,37) (37,59) (59,27) (27,71) (71,8) (8,70) (70,13) (13,37) (37,7) (7,48) (48,32) (32,74) (74,50) (50,19) (19,52) (52,34) (34,36) (36,27) (27,36) (36,71) (71,81) (81,63) (63,10) (10,54) (54,43) (43,65) (65,63) (63,98) (98,97) (97,1) (1,28) (28,44) (44,3) (3,60) (60,77) (77,63) (63,13) (13,74) (74,61) (61,61) (61,90) (90,9) (9,7) (7,99) (99,51) (51,52) (52,70) (70,20) (20,54) (54,21) (21,28) (28,9) (9,75) (75,55) (55,59) (59,23)
68
(96,66) (66,71) (71,78) (78,3) (3,16) (16,91) (91,96) (96,66) (66,85) (29,63) (63,93) (93,75) (75,23) (23,34) (34,89) (89,22) (22,27) (27,62) (62,34) (34,34) (34,60) (60,84) (84,84) (84,33) (33,45) (45,33) (33,41) (41,33) (33,56) (56,69) (69,79) (79,50) (50,25) (25,17) (17,81) (81,12) (12,74) (74,64) (64,26) (26,66) (66,24) (24,64) (64,41) (41,89) (11,74) (74,83) (83,83) (83,52) (23,6) (6,5) (5,92) (92,80) (80,36) (36,21) (21,51) (51,23) (23,26) (26,19) (19,14) (14,20) (20,94) (94,77) (77,32) (32,62) (62,49) (49,18) (18,70) (70,62)
68
(11,85) (85,6) (6,89) (89,43) (43,4) (4,63) (63,99) (99,22) (22,48) (48,14) (14,27) (27,95) (95,37) (37,6) (6,4) (4,2) (2,3) (3,67) (67,26) (26,99) (99,4) (4,27) (27,39) (39,43) (43,51) (51,80) (80,59) (59,11) (11,93) (93,5) (5,81) (81,77) (77,24) (24,69) (69,60) (60,91) (91,81) (81,92) (92,87) (87,43) (43,100) (100,39) (39,59) (59,34) (34,4) (4,1) (1,13) (13,81) (81,31) (31,65) (65,64) (64,60) (60,60) (60,5) (5,72) (72,91) (91,76) (76,52) (52,37) (37,25) (25,32) (32,32) (32,20) (20,40) (40,83) (83,72) (72,24) (24,79)
69
(55,78) (78,3) (3,11) (11,34) (34,87) (87,85) (85,28) (28,17) (17,20) (20,33) (62,33) (33,36) (36,63) (63,97) (97,39) (39,100) (100,64) (64,82) (82,55) (55,4) (4,26) (29,62) (62,47) (47,94) (94,5) (5,19) (19,93) (93,61) (61,70) (70,70) (70,98) (98,71) (71,2) (2,52) (52,9) (9,11) (11,8) (8,31) (31,46) (46,20) (20,42) (69,25) (25,55) (55,48) (48,46) (46,49) (49,99) (99,28) (28,29) (29,49) (49,96) (96,91) (91,23) (23,34) (34,78) (78,35) (35,64) (64,76) (76,75) (75,88) (88,90) (90,29) (29,23) (23,81) (81,87) (87,16) (16,48) (48,24) (24,66)
69
(43,19) (19,94) (94,72) (72,2) (2,5) (5,3) (3,23) (23,87) (87,100) (100,53) (53,12) (12,67) (67,74) (74,26) (26,29) (29,77) (77,9) (9,59) (59,2) (2,2) (2,77) (77,83) (83,21) (21,16) (16,80) (80,99) (99,96) (96,70) (70,66) (66,59) (59,100) (100,11) (11,13) (13,56) (56,69) (69,60) (60,77) (77,27) (27,73) (73,14) (14,77) (77,26) (26,67) (67,34) (34,55) (55,29) (29,93) (93,30) (30,22) (22,12) (12,39) (39,23) (23,59) (59,87) (87,1) (1,39) (39,3) (3,5) (5,12) (12,77) (77,95) (95,22) (22,11) (11,68) (68,39) (39,86) (86,50) (50,9) (9,10)
70
(29,32) (32,74) (74,76) (76,37) (37,29) (29,54) (54,41) (41,37) (37,66) (66,6) (6,21) (21,11) (56,83) (83,48) (48,90) (26,10) (10,74) (74,36) (36,74) (74,20) (20,26) (26,54) (54,55) (55,54) (58,61) (61,54) (54,44) (44,46) (46,85) (85,80) (80,56) (56,20) (20,74) (74,32) (32,93) (93,41) (41,61) (61,98) (98,25) (25,19) (19,32) (32,83) (83,9) (9,22) (22,36) (36,7) (7,70) (70,33) (33,4) (4,10) (10,84) (84,11) (11,34) (34,17) (17,91) (91,66) (66,85) (85,2) (2,4) (4,69) (69,24) (24,34) (34,75) (75,60) (60,34) (34,50) (50,49) (49,58) (58,95) (95,61)
70
(79,76) (76,59) (59,31) (31,61) (61,48) (48,12) (12,14) (14,77) (77,23) (23,59) (59,5) (5,43) (43,28) (28,99) (99,68) (68,37) (37,85) (85,54) (54,81) (81,100) (100,49) (49,98) (98,58) (58,72) (72,100) (100,60) (60,38) (38,57) (57,92) (92,48) (48,45) (45,72) (72,30) (30,27) (27,62) (62,48) (48,10) (10,62) (62,48) (48,100) (100,76) (76,86) (86,99) (99,84) (84,90) (90,49) (49,57) (57,43) (43,85) (85,5) (5,27) (27,66) (66,49) (49,41) (41,37) (37,44) (44,78) (78,11) (11,18) (18,39) (39,86) (86,91) (91,6) (6,75) (75,46) (46,28) (28,65) (65,94) (94,40) (40,50)
71
(6,64) (64,33) (33,59) (59,66) (76,37) (37,37) (95,8) (8,60) (60,55) (55,89) (89,20) (20,72) (72,96) (96,28) (28,94) (94,90) (90,44) (44,42) (42,62) (62,53) (53,88) (88,2) (2,90) (90,33) (33,78) (78,88) (88,14) (14,30) (30,65) (65,54) (54,49) (49,29) (29,65) (65,22) (22,23) (23,64) (63,86) (86,62) (62,16) (16,77) (77,48) (48,41) (41,8) (8,15) (15,38) (38,36) (79,74) (74,69) (69,88) (88,45) (45,100) (100,10) (10,32) (32,35) (35,65) (65,72) (72,3) (3,99) (99,40) (40,74) (74,31) (31,27) (27,2) (2,41) (41,61) (61,13) (13,68) (68,12) (12,48) (48,71) (71,47)
71
(18,58) (58,78) (78,10) (10,23) (23,61) (61,12) (12,5) (5,40) (40,59) (59,13) (13,82) (82,37) (37,51) (51,15) (15,68) (68,67) (67,34) (34,52) (52,96) (96,52) (52,85) (85,73) (73,71) (71,99) (99,77) (77,26) (26,72) (72,43) (43,13) (13,86) (86,13) (13,87) (87,44) (44,4) (4,4) (4,54) (54,14) (14,13) (13,76) (76,61) (61,67) (67,98) (98,62) (62,55) (55,75) (75,78) (78,10) (10,3) (3,80) (80,71) (71,55) (55,18) (18,46) (46,69) (69,23) (23,96) (96,33) (33,18) (18,62) (62,55) (55,20) (20,98) (98,94) (94,95) (95,49) (49,86) (86,23) (23,90) (90,44) (44,14) (14,74)
72
(3,60) (60,78) (78,33) (81,58) (58,59) (59,13) (13,11) (11,10) (10,7) (7,62) (62,41) (41,96) (96,82) (82,74) (74,11) (11,18) (18,37) (37,32) (32,64) (64,21) (21,37) (37,100) (100,53) (53,71) (71,17) (17,63) (63,84) (84,60) (60,73) (73,37) (37,63) (63,69) (74,15) (15,17) (17,62) (62,47) (47,86) (86,98) (98,5) (5,94) (94,23) (23,17) (17,3) (3,23) (23,67) (67,84) (34,83) (83,16) (16,59) (59,35) (35,76) (76,25) (10,10) (10,11) (11,41) (41,32) (32,84) (84,14) (14,44) (44,54) (54,82) (82,17) (17,52) (52,71) (71,55) (55,55) (55,58) (27,1) (1,30) (30,56) (54,61) (61,61)
72
(79,17) (17,98) (98,73) (73,75) (75,91) (91,22) (22,71) (71,52) (52,1) (1,48) (48,75) (75,14) (14,70) (70,21) (21,33) (33,5) (5,87) (87,92) (92,79) (79,4) (4,92) (92,23) (23,7) (7,80) (80,11) (11,14) (14,26) (26,68) (68,26) (26,32) (32,91) (91,34) (34,58) (58,6) (6,33) (33,90) (90,53) (53,70) (70,38) (38,80) (80,12) (12,30) (30,69) (69,35) (35,35) (35,39) (39,1) (1,21) (21,34) (34,66) (66,36) (36,76) (76,28) (28,57) (57,85) (85,51) (51,43) (43,31) (31,80) (80,77) (77,14) (14,83) (83,81) (81,41) (41,43) (43,68) (68,13) (13,50) (50,45) (45,5) (5,38) (38,52)
73
(32,71) (71,49) (49,65) (65,30) (30,17) (17,24) (24,35) (35,3) (3,71) (71,8) (8,70) (51,6) (6,98) (98,19) (19,98) (98,90) (90,38) (38,6) (6,59) (59,82) (82,22) (22,72) (72,19) (19,91) (91,1) (1,95) (95,9) (9,65) (65,20) (20,28) (28,6) (6,29) (29,4) (4,44) (44,42) (42,50) (50,91) (91,84) (84,5) (5,50) (50,100) (100,93) (93,41) (41,82) (82,79) (79,55) (55,43) (43,20) (20,40) (40,80) (80,48) (48,58) (58,49) (49,30) (99,62) (62,47) (47,50) (50,37) (37,59) (59,69) (69,52) (52,31) (31,39) (39,81) (81,7) (7,77) (77,29) (29,36) (36,3) (3,46) (79,13) (13,75) (75,20)
73
(99,43) (43,27) (27,3) (3,59) (59,86) (86,48) (48,42) (42,85) (85,80) (80,90) (90,60) (60,94) (94,76) (76,12) (12,92) (92,61) (61,61) (61,47) (47,21) (21,31) (31,76) (76,51) (51,32) (32,52) (52,50) (50,27) (27,62) (62,95) (95,87) (87,34) (34,52) (52,60) (60,15) (15,49) (49,53) (53,75) (75,94) (94,26) (26,35) (35,63) (63,56) (56,28) (28,53) (53,44) (44,55) (55,10) (10,71) (71,47) (47,18) (18,18) (18,27) (27,15) (15,79) (79,19) (19,21) (21,47) (47,26) (26,79) (79,78) (78,81) (81,30) (30,71) (71,12) (12,18) (18,6) (6,74) (74,29) (29,16) (16,46) (46,44) (44,90) (90,97) (97,74)
74
(91,43) (43,79) (79,15) (15,36) (36,20) (20,53) (53,71) (71,69) (69,53) (53,10) (10,9) (9,79) (79,74) (74,84) (84,21) (21,26) (26,61) (61,75) (75,62) (62,51) (51,49) (49,75) (75,8) (8,30) (30,48) (48,16) (16,87) (87,15) (15,94) (94,89) (89,16) (23,5) (5,49) (49,17) (17,98) (98,84) (84,65) (65,88) (88,45) (45,26) (26,54) (54,29) (29,58) (58,97) (97,15) (15,49) (49,2) (2,16) (16,32) (32,51) (51,9) (9,69) (69,36) (36,4) (4,28) (11,15) (15,36) (36,12) (12,96) (96,7) (7,26) (26,24) (24,22) (22,39) (39,85) (85,69) (69,97) (97,49) (49,50) (50,72) (10,81) (81,29) (29,53) (53,94)
74
(28,22) (22,30) (30,94) (94,97) (97,52) (52,3) (3,24) (24,30) (30,84) (84,75) (75,39) (39,14) (14,62) (62,78) (78,76) (76,16) (16,36) (36,72) (72,65) (65,41) (41,14) (14,6) (6,96) (96,56) (56,22) (22,64) (64,89) (89,10) (10,52) (52,27) (27,38) (38,100) (100,4) (4,36) (36,2) (2,95) (95,15) (15,81) (81,27) (27,26) (26,3) (3,73) (73,96) (96,27) (27,98) (98,96) (96,97) (97,3) (3,34) (34,32) (32,81) (81,34) (34,51) (51,58) (58,43) (43,24) (24,54) (54,54) (54,8) (8,1) (1,100) (100,92) (92,9) (9,41) (41,80) (80,55) (55,12) (12,59) (59,6) (6,56) (56,74) (74,7) (7,91) (91,50)
75
(30,57) (57,91) (91,93) (93,85) (85,40) (40,68) (68,84) (84,46) (95,73) (73,11) (11,29) (29,85) (85,36) (51,36) (36,49) (49,14) (14,96) (96,32) (32,37) (37,30) (30,35) (35,45) (45,36) (36,28) (28,44) (44,72) (72,49) (49,58) (58,99) (99,28) (28,33) (33,39) (39,35) (35,79) (79,71) (71,97) (97,75) (75,64) (64,100) (100,47) (47,100) (100,70) (70,92) (92,81) (81,38) (38,20) (20,30) (30,19) (19,27) (27,25) (25,74) (74,83) (83,59) (59,56) (56,13) (13,82) (82,70) (70,44) (5,90) (90,75) (75,98) (98,25) (25,25) (25,57) (57,55) (55,60) (60,2) (2,7) (7,37) (37,23) (23,37) (37,46) (46,89) (89,28) (28,34)
75
(40,49) (49,37) (37,8) (8,51) (51,16) (16,57) (57,34) (34,69) (69,88) (88,89) (89,20) (20,40) (40,9) (9,23) (23,37) (37,33) (33,11) (11,14) (14,15) (15,20) (20,77) (77,36) (36,31) (31,82) (82,67) (67,15) (15,87) (87,43) (43,97) (97,87) (87,54) (54,44) (44,37) (37,83) (83,18) (18,50) (50,52) (52,99) (99,71) (71,57) (57,19) (19,34) (34,36) (36,5) (5,70) (70,20) (20,1) (1,31) (31,27) (27,29) (29,93) (93,45) (45,70) (70,50) (50,72) (72,3) (3,43) (43,98) (98,5) (5,98) (98,78) (78,6) (6,7) (7,10) (10,85) (85,82) (82,55) (55,79) (79,93) (93,39) (39,26) (26,84) (84,50) (50,60) (60,9)
76
(72,82) (82,29) (29,75) (75,92) (92,67) (67,38) (38,91) (91,11) (11,55) (55,87) (64,80) (80,16) (16,17) (17,20) (20,90) (90,88) (88,26) (26,30) (30,14) (14,15) (15,72) (72,7) (7,98) (98,35) (35,34) (34,17) (17,46) (46,45) (45,88) (88,68) (68,15) (15,18) (18,22) (22,35) (35,47) (47,48) (48,32) (32,69) (69,16) (16,35) (35,37) (37,85) (85,90) (90,51) (51,52) (85,82) (82,48) (48,88) (88,97) (97,60) (60,63) (63,82) (82,50) (50,12) (12,90) (90,35) (35,47) (47,72) (72,15) (15,31) (31,1) (1,84) (84,15) (15,29) (29,2) (88,53) (53,37) (37,36) (36,20) (20,95) (28,8) (8,59) (59,96) (96,65) (65,16) (3,10)
76
(78,38) (38,28) (28,63) (63,22) (22,11) (11,83) (83,60) (60,52) (52,63) (63,49) (49,12) (12,19) (19,58) (58,26) (26,21) (21,25) (25,17) (17,40) (40,74) (74,10) (10,62) (62,64) (64,48) (48,35) (35,78) (78,16) (16,5) (5,46) (46,99) (99,24) (24,55) (55,75) (75,44) (44,21) (21,61) (61,91) (91,71) (71,35) (35,94) (94,74) (74,92) (92,35) (35,80) (80,39) (39,9) (9,12) (12,91) (91,47) (47,9) (9,26) (26,98) (98,18) (18,33) (33,91) (91,47) (47,60) (60,94) (94,18) (18,11) (11,16) (16,46) (46,59) (59,69) (69,36) (36,23) (23,93) (93,91) (91,55) (55,22) (22,88) (88,25) (25,5) (5,22) (22,28) (28,63) (63,86)
77
(88,2) (2,32) (32,55) (55,13) (13,36) (36,7) (7,27) (27,56) (56,56) (55,45) (45,62) (62,56) (56,16) (16,24) (24,95) (95,39) (39,30) (30,16) (26,4) (4,96) (96,61) (61,48) (48,88) (88,73) (73,33) (33,33) (33,9) (9,39) (39,87) (87,27) (27,44) (44,36) (36,60) (60,63) (63,19) (19,26) (26,29) (29,43) (43,26) (25,60) (60,26) (26,96) (96,75) (75,90) (90,60) (60,89) (89,40) (40,44) (44,35) (3,27) (27,31) (31,80) (80,88) (88,13) (13,43) (43,80) (80,60) (60,94) (94,48) (48,35) (37,85) (85,84) (84,71) (71,75) (75,71) (71,87) (87,1) (1,11) (11,64) (64,27) (27,61) (3,91) (91,85) (85,20) (66,28) (28,87) (87,89)
77
(61,53) (53,27) (27,22) (22,40) (40,74) (74,40) (40,21) (21,67) (67,65) (65,2) (2,3) (3,70) (70,52) (52,81) (81,6) (6,57) (57,6) (6,78) (78,70) (70,64) (64,26) (26,54) (54,58) (58,35) (35,60) (60,81) (81,94) (94,18) (18,8) (8,61) (61,3) (3,81) (81,20) (20,83) (83,44) (44,99) (99,85) (85,20) (20,76) (76,88) (88,86) (86,99) (99,4) (4,28) (28,79) (79,98) (98,79) (79,1) (1,74) (74,60) (60,68) (68,73) (73,100) (100,56) (56,29) (29,84) (84,96) (96,69) (69,59) (59,72) (72,32) (32,84) (84,84) (84,28) (28,54) (54,24) (24,49) (49,80) (80,44) (44,52) (52,9) (9,7) (7,100) (100,44) (44,52) (52,92) (92,51)
78
(57,9) (9,50) (50,66) (66,35) (35,98) (98,100) (100,76) (76,49) (49,75) (75,85) (85,4) (4,46) (46,72) (72,65) (65,62) (62,94) (94,38) (38,95) (95,54) (54,82) (82,99) (99,86) (86,39) (39,6) (6,23) (23,3) (3,11) (11,79) (64,35) (35,1) (1,65) (65,4) (4,68) (68,51) (51,60) (60,96) (96,29) (29,33) (33,38) (38,80) (80,2) (1,29) (29,55) (55,45) (45,96) (96,24) (24,47) (47,80) (80,92) (92,81) (81,78) (78,29) (29,43) (43,51) (51,17) (17,51) (51,88) (88,96) (96,5) (5,73) (73,40) (40,77) (77,56) (56,34) (34,31) (31,39) (39,64) (64,28) (28,21) (21,34) (34,43) (43,85) (85,47) (63,2) (2,23) (23,70) (70,16) (16,41)
78
(63,98) (98,51) (51,69) (69,14) (14,94) (94,54) (54,79) (79,24) (24,76) (76,81) (81,80) (80,89) (89,83) (83,87) (87,4) (4,7) (7,42) (42,73) (73,98) (98,9) (9,55) (55,26) (26,38) (38,12) (12,40) (40,40) (40,42) (42,77) (77,36) (36,91) (91,53) (53,84) (84,95) (95,3) (3,64) (64,68) (68,81) (81,69) (69,86) (86,78) (78,14) (14,88) (88,66) (66,63) (63,20) (20,91) (91,18) (18,32) (32,86) (86,21) (21,86) (86,98) (98,72) (72,78) (78,95) (95,18) (18,31) (31,70) (70,35) (35,9) (9,91) (91,17) (17,51) (51,47) (47,74) (74,49) (49,58) (58,48) (48,17) (17,32) (32,99) (99,67) (67,24) (24,39) (39,61) (61,45) (45,72) (72,59)
79
(5,36) (36,25) (25,13) (13,13) (13,88) (88,60) (60,64) (64,41) (41,60) (60,32) (32,26) (26,60) (60,87) (87,92) (92,3) (92,16) (16,76) (76,45) (45,18) (18,70) (70,60) (60,85) (85,92) (92,27) (27,82) (82,27) (27,21) (21,53) (92,14) (14,44) (44,20) (20,95) (95,13) (13,23) (23,61) (61,89) (89,74) (74,100) (100,50) (50,83) (83,54) (54,91) (91,71) (71,24) (24,28) (28,29) (29,21) (21,2) (2,89) (89,51) (51,24) (24,91) (91,13) (13,24) (24,16) (75,86) (86,13) (13,100) (100,31) (31,75) (75,39) (39,88) (88,44) (44,90) (90,25) (25,67) (67,29) (29,57) (57,9) (9,60) (60,35) (35,39) (39,30) (30,62) (23,97) (97,64) (64,80) (80,29) (29,97)
79
(45,51) (51,44) (44,11) (11,18) (18,72) (72,43) (43,60) (60,93) (93,42) (42,84) (84,48) (48,44) (44,29) (29,35) (35,80) (80,43) (43,74) (74,11) (11,27) (27,27) (27,73) (73,43) (43,91) (91,15) (15,46) (46,83) (83,11) (11,38) (38,31) (31,98) (98,59) (59,6) (6,95) (95,87) (87,97) (97,18) (18,69) (69,98) (98,9) (9,83) (83,16) (16,44) (44,15) (15,8) (8,19) (19,12) (12,5) (5,67) (67,73) (73,36) (36,44) (44,93) (93,13) (13,62) (62,64) (64,50) (50,73) (73,93) (93,64) (64,23) (23,18) (18,93) (93,19) (19,28) (28,11) (11,6) (6,30) (30,46) (46,31) (31,87) (87,44) (44,50) (50,12) (12,49) (49,18) (18,68) (68,58) (58,87) (87,36)
80
(4,77) (77,79) (79,100) (100,28) (28,15) (15,57) (57,85) (85,100) (100,76) (76,29) (29,17) (22,79) (79,35) (35,82) (82,4) (4,18) (18,62) (62,79) (79,98) (98,65) (65,96) (96,98) (98,34) (34,36) (36,28) (28,39) (39,86) (86,77) (77,67) (67,69) (69,41) (41,57) (57,4) (4,27) (27,16) (16,32) (32,87) (87,77) (77,83) (83,64) (64,84) (84,10) (10,27) (27,1) (1,12) (12,39) (39,13) (51,52) (52,27) (27,59) (59,29) (29,20) (20,94) (94,50) (50,29) (29,35) (35,3) (3,4) (4,17) (17,62) (62,44) (44,64) (64,1) (1,61) (61,84) (84,58) (58,72) (72,87) (87,39) (39,96) (96,80) (80,56) (56,5) (5,94) (94,50) (50,89) (89,86) (86,31) (31,84) (84,74)
80
(33,67) (67,60) (60,19) (19,15) (15,8) (8,2) (2,42) (42,14) (14,89) (89,21) (21,53) (53,6) (6,72) (72,59) (59,56) (56,100) (100,94) (94,25) (25,39) (39,2) (2,15) (15,91) (91,34) (34,44) (44,42) (42,9) (9,63) (63,18) (18,52) (52,63) (63,66) (66,4) (4,7) (7,67) (67,61) (61,5) (5,25) (25,2) (2,79) (79,82) (82,66) (66,5) (5,92) (92,69) (69,50) (50,9) (9,77) (77,55) (55,59) (59,25) (25,14) (14,86) (86,30) (30,51) (51,44) (44,33) (33,10) (10,100) (100,90) (90,72) (72,38) (38,90) (90,68) (68,53) (53,29) (29,22) (22,44) (44,14) (14,39) (39,59) (59,48) (48,57) (57,4) (4,91) (91,82) (82,24) (24,27) (27,13) (13,44) (44,21)
81
(76,4) (4,20) (20,63) (63,87) (87,63) (63,95) (95,64) (64,5) (5,40) (40,37) (37,7) (7,27) (27,9) (9,79) (79,78) (78,92) (92,53) (53,90) (36,53) (53,22) (22,9) (9,83) (83,4) (4,4) (4,78) (78,6) (6,35) (35,48) (48,68) (68,78) (78,93) (93,21) (21,97) (66,72) (23,79) (79,58) (58,22) (22,16) (16,91) (91,18) (18,43) (43,58) (58,11) (11,49) (49,74) (74,99) (77,24) (24,69) (69,90) (90,71) (71,74) (74,74) (74,95) (95,2) (2,65) (65,40) (40,61) (61,5) (5,5) (5,49) (49,93) (93,36) (36,88) (88,98) (98,68) (68,70) (70,22) (22,56) (56,97) (97,49) (49,16) (10,6) (6,10) (10,36) (36,52) (52,88) (88,69) (69,47) (47,96) (96,24) (24,46)
81
(56,69) (69,27) (27,53) (53,16) (16,94) (94,24) (24,59) (59,22) (22,52) (52,46) (46,26) (26,55) (55,51) (51,96) (96,55) (55,19) (19,66) (66,99) (99,33) (33,45) (45,30) (30,59) (59,33) (33,4) (4,16) (16,71) (71,44) (44,43) (43,66) (66,73) (73,92) (92,1) (1,11) (11,69) (69,56) (56,39) (39,68) (68,39) (39,17) (17,5) (5,35) (35,19) (19,69) (69,63) (63,52) (52,77) (77,3) (3,84) (84,76) (76,69) (69,81) (81,44) (44,81) (81,97) (97,99) (99,8) (8,48) (48,72) (72,75) (75,61) (61,29) (29,16) (16,36) (36,46) (46,99) (99,78) (78,78) (78,35) (35,62) (62,48) (48,53) (53,86) (86,5) (5,40) (40,28) (28,94) (94,92) (92,33) (33,78) (78,63) (63,26)
82
(48,5) (5,92) (92,29) (29,92) (92,14) (14,55) (55,26) (26,6) (6,29) (29,73) (73,83) (83,9) (9,2) (2,91) (91,10) (10,25) (25,57) (57,68) (68,2) (2,78) (78,77) (77,68) (68,94) (94,54) (54,73) (73,37) (37,91) (91,10) (10,15) (15,44) (44,55) (55,27) (27,99) (99,77) (77,8) (8,19) (19,44) (44,89) (89,26) (50,97) (97,22) (22,31) (31,48) (48,84) (84,21) (21,43) (43,60) (60,39) (39,75) (75,37) (37,96) (96,77) (77,63) (63,89) (89,70) (70,89) (89,55) (55,5) (5,18) (43,66) (66,64) (64,51) (51,94) (94,41) (41,10) (10,61) (61,18) (39,3) (3,80) (80,12) (12,66) (66,41) (35,63) (63,5) (5,43) (43,16) (16,69) (69,11) (11,66) (82,20) (20,65) (65,52)
82
(21,27) (27,2) (2,72) (72,16) (16,34) (34,30) (30,15) (15,97) (97,41) (41,38) (38,32) (32,86) (86,4) (4,9) (9,65) (65,100) (100,71) (71,25) (25,88) (88,70) (70,33) (33,96) (96,23) (23,98) (98,69) (69,5) (5,1) (1,17) (17,7) (7,67) (67,42) (42,98) (98,33) (33,66) (66,91) (91,66) (66,78) (78,74) (74,57) (57,10) (10,23) (23,37) (37,42) (42,5) (5,91) (91,3) (3,26) (26,66) (66,74) (74,52) (52,47) (47,60) (60,55) (55,33) (33,28) (28,24) (24,47) (47,42) (42,24) (24,69) (69,12) (12,46) (46,2) (2,37) (37,39) (39,19) (19,20) (20,88) (88,17) (17,72) (72,57) (57,51) (51,81) (81,54) (54,10) (10,44) (44,57) (57,87) (87,57) (57,53) (53,46) (46,47)
83
(6,64) (64,85) (85,74) (74,30) (30,47) (47,20) (20,56) (56,44) (44,87) (87,18) (18,12) (12,4) (4,79) (79,59) (59,82) (82,100) (100,52) (52,12) (12,49) (49,64) (64,46) (46,34) (34,75) (75,21) (21,97) (97,11) (11,98) (98,67) (67,43) (43,78) (78,24) (24,5) (5,12) (12,11) (11,63) (63,17) (17,86) (86,65) (65,62) (62,11) (11,15) (15,19) (19,90) (90,93) (93,71) (71,18) (18,84) (84,25) (25,79) (79,7) (7,57) (57,78) (78,62) (62,15) (15,13) (13,81) (81,31) (31,12) (12,95) (95,48) (48,6) (6,16) (16,63) (63,36) (36,78) (78,62) (62,96) (96,96) (96,32) (32,84) (84,50) (50,67) (67,82) (82,93) (93,98) (98,62) (62,46) (46,2) (2,13) (13,85) (85,47) (47,98) (100,38)
83
(55,71) (71,62) (62,60) (60,65) (65,21) (21,60) (60,4) (4,11) (11,30) (30,84) (84,38) (38,14) (14,72) (72,34) (34,55) (55,33) (33,89) (89,31) (31,29) (29,57) (57,87) (87,35) (35,80) (80,1) (1,74) (74,68) (68,71) (71,44) (44,44) (44,46) (46,81) (81,17) (17,90) (90,46) (46,6) (6,40) (40,67) (67,18) (18,53) (53,60) (60,75) (75,18) (18,8) (8,26) (26,50) (50,42) (42,81) (81,87) (87,70) (70,41) (41,44) (44,25) (25,82) (82,94) (94,52) (52,11) (11,100) (100,58) (58,79) (79,9) (9,59) (59,63) (63,28) (28,14) (14,41) (41,5) (5,72) (72,30) (30,47) (47,67) (67,17) (17,59) (59,61) (61,25) (25,100) (100,65) (65,93) (93,94) (94,55) (55,38) (38,36) (36,26) (26,35)
84
(56,33) (33,47) (47,46) (46,61) (61,3) (3,23) (23,99) (99,3) (16,98) (60,67) (67,35) (35,5) (5,51) (51,22) (22,100) (100,17) (17,91) (91,13) (13,4) (4,25) (25,30) (30,33) (33,19) (19,23) (23,14) (14,17) (17,57) (57,45) (45,82) (82,62) (62,53) (53,49) (49,68) (68,99) (99,7) (7,90) (5,98) (98,83) (83,67) (67,94) (94,85) (85,99) (99,56) (56,49) (49,61) (61,66) (66,18) (18,92) (92,41) (41,46) (46,66) (66,99) (99,18) (40,98) (98,90) (90,19) (19,97) (97,10) (10,15) (15,98) (98,73) (52,8) (8,12) (12,61) (61,53) (53,43) (43,26) (26,19) (19,37) (86,29) (29,65) (65,15) (15,48) (48,32) (32,97) (97,49) (49,72) (72,72) (72,46) (46,68) (68,36) (36,93) (93,80) (80,72)
84
(46,68) (68,42) (42,85) (85,94) (94,29) (29,65) (65,22) (22,47) (47,46) (46,12) (12,95) (95,26) (26,73) (73,73) (73,76) (76,68) (68,50) (50,7) (7,27) (27,58) (58,25) (25,97) (97,21) (21,92) (92,73) (73,41) (41,52) (52,42) (42,91) (91,85) (85,3) (3,76) (76,10) (10,52) (52,30) (30,99) (99,38) (38,70) (70,95) (95,23) (23,16) (16,44) (44,60) (60,82) (82,74) (74,27) (27,25) (25,66) (66,46) (46,42) (42,60) (60,27) (27,2) (2,18) (18,16) (16,52) (52,74) (74,47) (47,21) (21,96) (96,30) (30,19) (19,42) (42,10) (10,21) (21,45) (45,87) (87,51) (51,48) (48,83) (83,1) (1,5) (5,31) (31,12) (12,85) (85,18) (18,45) (45,77) (77,66) (66,86) (86,4) (4,71) (71,73) (73,57)
85
(4,77) (77,96) (96,55) (55,47) (47,16) (16,99) (99,84) (84,79) (79,15) (15,65) (65,25) (25,40) (40,11) (11,9) (9,46) (46,78) (78,36) (55,79) (79,37) (37,66) (66,49) (49,25) (25,88) (88,94) (94,81) (81,86) (86,57) (57,95) (95,61) (61,1) (1,43) (43,34) (34,93) (93,37) (37,52) (52,90) (90,68) (68,32) (32,34) (34,85) (85,100) (100,23) (23,9) (9,91) (91,20) (20,44) (44,82) (82,72) (72,18) (18,24) (24,33) (33,46) (46,87) (87,91) (91,97) (97,2) (2,99) (99,26) (26,65) (65,34) (34,78) (78,84) (84,94) (94,44) (44,63) (63,24) (24,100) (100,60) (60,38) (38,48) (48,29) (29,15) (15,50) (50,84) (84,98) (22,29) (29,19) (19,19) (19,64) (64,72) (72,54) (54,5) (5,98) (98,51) (51,70)
85
(28,19) (19,87) (87,67) (67,26) (26,65) (65,7) (7,69) (69,19) (19,93) (93,42) (42,85) (85,71) (71,27) (27,45) (45,58) (58,3) (3,85) (85,93) (93,36) (36,35) (35,67) (67,55) (55,64) (64,3) (3,21) (21,41) (41,38) (38,64) (64,76) (76,85) (85,31) (31,24) (24,85) (85,34) (34,9) (9,87) (87,39) (39,56) (56,70) (70,63) (63,15) (15,87) (87,83) (83,9) (9,91) (91,21) (21,36) (36,69) (69,34) (34,83) (83,9) (9,48) (48,22) (22,31) (31,84) (84,41) (41,32) (32,28) (28,30) (30,90) (90,78) (78,81) (81,89) (89,8) (8,8) (8,63) (63,14) (14,8) (8,9) (9,94) (94,68) (68,64) (64,17) (17,79) (79,81) (81,42) (42,18) (18,73) (73,26) (26,68) (68,74) (74,39) (39,56) (56,35) (35,3)
86
(6,90) (90,93) (93,8) (8,71) (71,21) (21,7) (7,12) (12,46) (46,78) (78,9) (9,59) (59,62) (62,92) (92,25) (25,30) (30,44) (44,54) (54,12) (12,59) (59,74) (74,31) (31,16) (16,63) (63,97) (97,51) (51,68) (68,13) (13,82) (82,7) (7,94) (94,8) (8,92) (92,1) (1,61) (61,20) (20,31) (31,94) (94,86) (86,67) (67,93) (93,96) (96,46) (46,38) (38,66) (66,56) (74,67) (67,67) (67,84) (84,88) (88,30) (30,93) (93,55) (40,95) (95,34) (34,64) (64,59) (59,25) (25,99) (99,71) (71,22) (22,11) (11,18) (18,43) (43,93) (93,39) (39,43) (43,100) (100,73) (73,47) (47,48) (48,31) (31,77) (72,57) (57,48) (48,50) (50,92) (92,53) (53,10) (10,79) (79,100) (100,63) (63,34) (34,17) (17,87) (87,16) (16,28)
86
(37,66) (66,88) (88,67) (67,26) (26,34) (34,72) (72,17) (17,20) (20,71) (71,3) (3,87) (87,82) (82,17) (17,100) (100,22) (22,17) (17,12) (12,40) (40,29) (29,90) (90,73) (73,51) (51,96) (96,30) (30,58) (58,18) (18,78) (78,18) (18,81) (81,54) (54,2) (2,100) (100,97) (97,44) (44,60) (60,54) (54,23) (23,25) (25,72) (72,83) (83,12) (12,90) (90,55) (55,71) (71,79) (79,35) (35,53) (53,40) (40,74) (74,65) (65,16) (16,79) (79,72) (72,77) (77,69) (69,90) (90,14) (14,19) (19,51) (51,6) (6,73) (73,38) (38,56) (56,73) (73,27) (27,40) (40,59) (59,24) (24,74) (74,16) (16,63) (63,21) (21,80) (80,47) (47,32) (32,11) (11,59) (59,14) (14,77) (77,54) (54,31) (31,18) (18,26) (26,75) (75,48) (48,64)
87
(63,21) (21,22) (22,51) (51,37) (37,83) (83,31) (31,85) (85,89) (89,12) (12,78) (78,73) (73,94) (94,3) (3,69) (69,11) (11,32) (32,14) (14,89) (89,75) (75,91) (91,16) (16,40) (40,29) (29,53) (53,56) (56,59) (59,21) (21,16) (16,6) (6,31) (31,63) (63,13) (13,50) (50,3) (3,82) (82,80) (80,10) (10,14) (14,90) (90,72) (72,64) (64,50) (50,90) (90,98) (98,27) (27,76) (76,34) (34,66) (66,59) (59,20) (20,9) (9,100) (100,4) (4,36) (36,91) (91,11) (11,71) (71,47) (45,60) (60,92) (92,70) (50,91) (91,10) (10,81) (81,72) (72,95) (95,87) (18,4) (4,23) (23,90) (42,69) (69,96) (96,68) (68,59) (59,38) (26,57) (57,25) (25,52) (52,71) (71,31) (31,64) (64,18) (18,71) (71,100) (100,66) (66,11) (11,68)
87
(78,23) (23,53) (53,66) (66,72) (72,87) (87,35) (35,76) (76,62) (62,16) (16,64) (64,42) (42,75) (75,77) (77,1) (1,32) (32,100) (100,78) (78,5) (5,19) (19,37) (37,49) (49,26) (26,13) (13,96) (96,97) (97,50) (50,43) (43,81) (81,38) (38,71) (71,60) (60,74) (74,13) (13,68) (68,95) (95,65) (65,26) (26,41) (41,16) (16,83) (83,76) (76,35) (35,60) (60,62) (62,67) (67,30) (30,75) (75,68) (68,86) (86,77) (77,37) (37,7) (7,93) (93,15) (15,19) (19,69) (69,83) (83,21) (21,31) (31,53) (53,5) (5,4) (4,26) (26,46) (46,2) (2,90) (90,38) (38,76) (76,93) (93,19) (19,59) (59,42) (42,34) (34,63) (63,22) (22,30) (30,100) (100,39) (39,45) (45,82) (82,24) (24,85) (85,81) (81,59) (59,63) (63,50) (50,88)
88
(38,24) (24,69) (69,38) (38,93) (93,31) (31,10) (10,93) (93,61) (61,43) (43,14) (14,39) (39,62) (62,41) (41,50) (50,80) (80,63) (63,26) (26,5) (5,13) (13,63) (63,78) (78,26) (26,48) (48,98) (98,55) (55,99) (99,30) (30,82) (82,22) (23,76) (76,23) (23,11) (11,45) (45,12) (52,59) (59,5) (5,96) (96,89) (89,62) (62,74) (74,74) (74,1) (1,99) (99,79) (79,92) (92,43) (43,97) (39,98) (98,10) (10,31) (31,25) (25,81) (81,41) (41,80) (80,7) (7,100) (100,16) (16,36) (36,28) (28,34) (34,85) (85,34) (34,10) (10,84) (84,41) (41,62) (62,71) (71,92) (92,64) (64,61) (61,68) (68,58) (58,31) (52,17) (17,97) (97,9) (9,22) (22,1) (1,76) (76,45) (45,13) (13,93) (93,85) (85,41) (41,60) (60,29) (90,61) (61,3)
88
(33,41) (41,94) (94,71) (71,33) (33,22) (22,75) (75,70) (70,14) (14,67) (67,49) (49,5) (5,100) (100,96) (96,34) (34,38) (38,91) (91,69) (69,34) (34,4) (4,19) (19,71) (71,87) (87,10) (10,37) (37,50) (50,53) (53,69) (69,80) (80,4) (4,93) (93,62) (62,94) (94,73) (73,49) (49,26) (26,86) (86,96) (96,68) (68,75) (75,96) (96,10) (10,11) (11,33) (33,44) (44,17) (17,29) (29,66) (66,75) (75,61) (61,38) (38,84) (84,35) (35,16) (16,56) (56,78) (78,26) (26,14) (14,72) (72,63) (63,13) (13,57) (57,77) (77,18) (18,35) (35,20) (20,7) (7,66) (66,16) (16,83) (83,18) (18,60) (60,53) (53,67) (67,96) (96,4) (4,63) (63,37) (37,93) (93,37) (37,88) (88,97) (97,66) (66,14) (14,16) (16,12) (12,92) (92,27) (27,68)
89
(84,96) (96,2) (2,50) (50,38) (38,74) (74,89) (89,93) (93,4) (4,38) (38,24) (24,40) (40,64) (52,27) (27,60) (60,89) (89,83) (13,10) (10,92) (92,16) (16,94) (94,26) (26,20) (20,30) (30,25) (25,28) (28,88) (88,21) (21,29) (87,16) (16,70) (70,32) (32,61) (61,58) (58,7) (7,15) (15,59) (59,85) (85,98) (39,63) (63,16) (16,31) (31,21) (21,91) (91,58) (58,87) (72,91) (91,34) (34,63) (63,24) (24,46) (46,18) (18,98) (98,62) (62,13) (13,50) (50,88) (88,22) (22,89) (89,7) (7,89) (89,92) (92,8) (8,60) (88,1) (1,16) (16,16) (16,33) (33,80) (80,69) (69,46) (46,81) (81,21) (1,5) (5,44) (44,83) (83,22) (22,89) (89,25) (25,15) (15,68) (68,87) (15,44) (44,81) (81,32) (32,7) (7,32) (32,6) (6,4) (4,46)
89
(47,13) (13,45) (45,59) (59,92) (92,43) (43,49) (49,18) (18,95) (95,79) (79,34) (34,71) (71,86) (86,40) (40,3) (3,29) (29,4) (4,85) (85,53) (53,71) (71,17) (17,42) (42,55) (55,71) (71,74) (74,61) (61,80) (80,69) (69,55) (55,32) (32,82) (82,21) (21,97) (97,56) (56,53) (53,14) (14,15) (15,18) (18,96) (96,73) (73,30) (30,70) (70,45) (45,79) (79,7) (7,69) (69,12) (12,51) (51,98) (98,63) (63,97) (97,69) (69,62) (62,18) (18,48) (48,76) (76,37) (37,72) (72,59) (59,49) (49,75) (75,44) (44,76) (76,66) (66,88) (88,89) (89,25) (25,51) (51,42) (42,36) (36,74) (74,93) (93,23) (23,3) (3,9) (9,9) (9,80) (80,44) (44,7) (7,14) (14,60) (60,31) (31,96) (96,72) (72,19) (19,60) (60,1) (1,82) (82,33) (33,1)
90
(32,4) (4,69) (69,5) (5,71) (71,52) (52,68) (68,2) (2,68) (68,12) (12,30) (30,79) (79,86) (86,11) (11,5) (5,77) (3,57) (57,61) (61,95) (95,48) (48,23) (23,86) (86,72) (72,98) (98,45) (45,65) (65,54) (54,27) (27,21) (21,86) (86,6) (6,57) (57,93) (93,17) (17,10) (10,63) (63,39) (39,29) (29,57) (57,95) (95,78) (78,41) (41,88) (88,40) (40,2) (2,65) (65,98) (98,43) (43,54) (54,45) (45,93) (93,47) (47,52) (52,53) (53,69) (69,19) (19,43) (43,43) (43,59) (59,18) (18,40) (40,72) (72,31) (31,55) (61,92) (92,94) (94,9) (9,54) (54,90) (90,55) (55,36) (36,7) (7,74) (74,8) (8,52) (52,31) (31,89) (89,6) (39,39) (39,44) (44,72) (52,14) (14,31) (31,75) (75,72) (72,98) (7,7) (7,45) (45,95) (95,9) (9,30)
90
(63,97) (97,95) (95,45) (45,11) (11,52) (52,46) (46,82) (82,65) (65,73) (73,74) (74,15) (15,55) (55,89) (89,1) (1,45) (45,66) (66,69) (69,48) (48,100) (100,27) (27,32) (32,97) (97,19) (19,95) (95,29) (29,7) (7,16) (16,4) (4,83) (83,100) (100,96) (96,64) (64,23) (23,43) (43,10) (10,26) (26,98) (98,61) (61,100) (100,84) (84,84) (84,63) (63,39) (39,18) (18,4) (4,4) (4,56) (56,97) (97,26) (26,62) (62,35) (35,27) (27,35) (35,99) (99,1) (1,31) (31,59) (59,31) (31,26) (26,18) (18,72) (72,65) (65,6) (6,41) (41,53) (53,34) (34,18) (18,32) (32,75) (75,77) (77,38) (38,42) (42,20) (20,25) (25,99) (99,67) (67,64) (64,2) (2,28) (28,9) (9,24) (24,81) (81,49) (49,49) (49,51) (51,67) (67,5) (5,50) (50,8) (8,11)
91
(50,100) (56,38) (38,38) (38,99) (99,59) (49,97) (97,20) (20,42) (42,54) (54,75) (75,54) (54,90) (90,57) (57,78) (78,94) (94,67) (67,14) (14,99) (99,96) (96,2) (2,92) (92,67) (86,12) (12,21) (73,62) (62,6) (6,36) (36,55) (55,62) (62,93) (70,40) (40,78) (78,53) (53,23) (23,13) (13,10) (10,37) (37,15) (15,85) (85,32) (32,47) (47,94) (94,7) (7,44) (44,32) (32,48) (48,11) (11,26) (26,90) (90,34) (34,14) (14,36) (36,25) (25,41) (41,61) (99,44) (44,59) (59,40) (40,44) (44,32) (32,75) (75,19) (19,31) (31,80) (80,94) (94,48) (48,85) (85,70) (70,96) (96,39) (39,89) (89,78) (78,76) (76,64) (64,1) (1,17) (17,99) (31,64) (64,88) (88,71) (71,71) (71,36) (36,23) (23,14) (14,50) (50,93) (93,85) (28,3) (3,100) (100,98) (98,29)
91
(24,2) (2,66) (66,75) (75,79) (79,87) (87,30) (30,100) (100,44) (44,100) (100,30) (30,92) (92,93) (93,9) (9,5) (5,19) (19,58) (58,9) (9,83) (83,27) (27,57) (57,31) (31,85) (85,11) (11,84) (84,15) (15,70) (70,8) (8,99) (99,59) (59,47) (47,11) (11,90) (90,59) (59,40) (40,65) (65,19) (19,68) (68,83) (83,52) (52,73) (73,84) (84,48) (48,26) (26,86) (86,42) (42,100) (100,6) (6,39) (39,12) (12,79) (79,87) (87,39) (39,98) (98,49) (49,43) (43,72) (72,39) (39,65) (65,17) (17,7) (7,54) (54,6) (6,27) (27,59) (59,44) (44,3) (3,47) (47,14) (14,40) (40,65) (65,82) (82,55) (55,9) (9,77) (77,73) (73,62) (62,67) (67,49) (49,4) (4,75) (75,39) (39,29) (29,49) (49,63) (63,32) (32,36) (36,74) (74,8) (8,93) (93,95) (95,92)
92
(71,95) (95,27) (27,76) (76,100) (100,61) (61,86) (86,65) (65,78) (78,28) (28,33) (33,32) (32,80) (80,46) (46,81) (81,2) (2,83) (83,52) (52,47) (47,30) (30,71) (71,9) (9,36) (36,24) (24,4) (4,24) (24,61) (61,96) (96,37) (37,78) (78,52) (52,37) (37,87) (87,7) (7,87) (87,15) (15,89) (89,98) (98,31) (31,20) (20,68) (68,33) (33,29) (29,46) (46,93) (93,35) (35,96) (96,9) (9,4) (4,68) (68,10) (10,80) (80,83) (83,7) (7,31) (31,73) (76,74) (74,63) (63,97) (97,22) (22,76) (76,20) (20,62) (62,5) (5,84) (84,26) (26,86) (86,40) (40,2) (2,19) (19,96) (96,33) (33,78) (78,45) (45,97) (97,56) (35,41) (41,29) (29,9) (9,66) (66,99) (99,39) (39,50) (50,70) (70,33) (33,76) (76,92) (92,93) (93,42) (42,66) (66,97) (97,44) (44,81)
92
(13,70) (70,2) (2,71) (71,100) (100,15) (15,91) (91,71) (71,2) (2,99) (99,53) (53,89) (89,29) (29,18) (18,67) (67,35) (35,63) (63,14) (14,28) (28,14) (14,4) (4,12) (12,14) (14,17) (17,86) (86,36) (36,41) (41,20) (20,81) (81,11) (11,40) (40,65) (65,41) (41,25) (25,57) (57,10) (10,18) (18,33) (33,16) (16,3) (3,18) (18,82) (82,28) (28,33) (33,75) (75,66) (66,12) (12,91) (91,58) (58,65) (65,16) (16,99) (99,100) (100,32) (32,23) (23,43) (43,31) (31,63) (63,55) (55,50) (50,5) (5,53) (53,52) (52,72) (72,20) (20,2) (2,34) (34,49) (49,38) (38,35) (35,40) (40,83) (83,17) (17,89) (89,57) (57,91) (91,10) (10,95) (95,90) (90,22) (22,75) (75,66) (66,3) (3,35) (35,34) (34,13) (13,76) (76,9) (9,80) (80,94) (94,19) (19,65) (65,96)
93
(37,68) (68,81) (81,38) (38,43) (43,67) (67,60) (60,30) (30,11) (11,88) (88,47) (37,62) (62,18) (18,2) (2,91) (91,4) (4,36) (36,90) (90,15) (15,27) (27,96) (96,71) (71,92) (92,56) (56,18) (18,21) (21,26) (26,76) (76,61) (61,55) (55,92) (92,31) (31,6) (6,71) (71,97) (97,47) (47,73) (73,43) (43,56) (56,32) (32,22) (22,30) (30,38) (38,88) (88,80) (80,87) (87,36) (36,76) (76,52) (52,59) (59,73) (73,100) (100,66) (66,22) (22,22) (44,91) (91,48) (48,37) (37,73) (73,36) (36,9) (9,23) (23,75) (75,51) (51,48) (48,46) (45,64) (64,95) (95,49) (49,79) (79,47) (47,59) (59,46) (46,43) (99,28) (28,30) (30,57) (57,50) (50,11) (11,60) (60,62) (62,74) (66,44) (44,66) (66,18) (18,94) (94,47) (47,26) (26,18) (18,41) (41,43) (43,39) (39,34) (34,67)
93
(64,51) (51,11) (11,15) (15,12) (12,62) (62,16) (16,87) (87,3) (3,4) (4,44) (44,6) (6,53) (53,19) (19,97) (97,54) (54,69) (69,84) (84,74) (74,36) (36,47) (47,67) (67,99) (99,16) (16,2) (2,74) (74,42) (42,66) (66,95) (95,69) (69,90) (90,33) (33,3) (3,31) (31,51) (51,26) (26,82) (82,79) (79,72) (72,1) (1,6) (6,69) (69,68) (68,97) (97,79) (79,90) (90,6) (6,43) (43,57) (57,18) (18,72) (72,44) (44,29) (29,51) (51,65) (65,95) (95,74) (74,12) (12,21) (21,67) (67,19) (19,13) (13,84) (84,68) (68,24) (24,100) (100,41) (41,9) (9,39) (39,98) (98,92) (92,7) (7,69) (69,11) (11,52) (52,24) (24,33) (33,65) (65,52) (52,32) (32,60) (60,9) (9,42) (42,8) (8,77) (77,91) (91,74) (74,64) (64,70) (70,72) (72,72) (72,43) (43,3) (3,52)
94
(66,96) (23,55) (55,79) (79,81) (81,90) (90,53) (53,29) (29,19) (19,1) (1,97) (97,90) (90,15) (15,6) (50,82) (70,32) (32,84) (84,60) (60,78) (78,46) (46,5) (5,9) (9,72) (72,35) (35,6) (72,40) (40,58) (58,48) (48,29) (29,73) (73,87) (87,49) (49,96) (96,58) (58,97) (97,3) (3,68) (68,11) (11,16) (16,7) (7,23) (23,90) (90,96) (96,74) (74,56) (56,42) (42,78) (78,99) (99,35) (35,9) (9,27) (27,68) (68,19) (19,22) (22,19) (19,58) (58,55) (55,21) (21,23) (39,4) (1,8) (8,24) (24,81) (81,19) (19,90) (90,25) (25,38) (38,11) (11,40) (40,84) (84,38) (38,68) (68,28) (28,31) (31,2) (2,52) (52,51) (51,100) (100,94) (94,53) (53,94) (94,68) (68,31) (31,70) (70,38) (38,35) (35,6) (6,26) (26,70) (70,33) (33,68) (56,93) (93,64) (64,82) (82,16)
94
(88,85) (85,22) (22,54) (54,58) (58,54) (54,58) (58,19) (19,95) (95,84) (84,57) (57,20) (20,80) (80,97) (97,45) (45,54) (54,86) (86,21) (21,100) (100,20) (20,30) (30,51) (51,100) (100,91) (91,23) (23,80) (80,32) (32,87) (87,80) (80,99) (99,42) (42,95) (95,32) (32,18) (18,96) (96,35) (35,15) (15,100) (100,51) (51,53) (53,78) (78,65) (65,59) (59,64) (64,36) (36,22) (22,10) (10,2) (2,7) (7,14) (14,15) (15,66) (66,13) (13,94) (94,48) (48,78) (78,36) (36,91) (91,73) (73,1) (1,96) (96,9) (9,80) (80,26) (26,99) (99,78) (78,23) (23,11) (11,26) (26,72) (72,95) (95,10) (10,7) (7,73) (73,5) (5,27) (27,6) (6,10) (10,59) (59,2) (2,24) (24,70) (70,5) (5,87) (87,61) (61,12) (12,42) (42,60) (60,50) (50,43) (43,63) (63,73) (73,67) (67,34) (34,28)
95
(26,95) (95,33) (33,63) (63,81) (81,24) (24,55) (55,90) (86,87) (87,94) (94,36) (36,99) (99,56) (56,12) (12,55) (55,9) (9,18) (18,96) (96,14) (14,17) (17,98) (98,84) (84,77) (77,65) (65,14) (14,38) (38,66) (66,32) (32,5) (5,25) (25,27) (27,55) (34,87) (87,84) (74,76) (15,25) (25,24) (24,100) (100,9) (9,47) (47,32) (32,94) (94,5) (10,32) (32,24) (24,21) (21,21) (29,4) (4,33) (33,63) (63,47) (47,98) (98,68) (68,71) (71,56) (56,19) (19,86) (86,36) (36,38) (38,8) (8,89) (89,56) (56,39) (39,8) (8,44) (44,92) (92,4) (4,21) (21,32) (30,2) (2,8) (8,28) (28,14) (14,41) (41,94) (94,27) (27,71) (71,52) (52,17) (17,63) (92,89) (89,96) (96,61) (61,59) (59,81) (2,3) (3,3) (3,25) (25,63) (63,53) (53,96) (96,8) (8,86) (86,44) (44,40) (40,76)
95
(75,46) (46,15) (15,35) (35,13) (13,74) (74,37) (37,73) (73,27) (27,19) (19,87) (87,47) (47,5) (5,76) (76,44) (44,70) (70,18) (18,50) (50,92) (92,46) (46,84) (84,96) (96,77) (77,36) (36,53) (53,31) (31,63) (63,77) (77,6) (6,7) (7,63) (63,39) (39,60) (60,78) (78,30) (30,33) (33,53) (53,4) (4,62) (62,50) (50,65) (65,14) (14,63) (63,20) (20,90) (90,28) (28,66) (66,29) (29,54) (54,3) (3,88) (88,28) (28,61) (61,80) (80,100) (100,54) (54,98) (98,62) (62,41) (41,53) (53,67) (67,17) (17,91) (91,3) (3,7) (7,58) (58,79) (79,72) (72,36) (36,79) (79,47) (47,75) (75,53) (53,54) (54,31) (31,20) (20,48) (48,84) (84,21) (21,1) (1,5) (5,45) (45,63) (63,19) (19,35) (35,39) (39,49) (49,89) (89,24) (24,39) (39,27) (27,71) (71,47) (47,47) (47,63) (63,27)
96
(37,29) (29,70) (70,81) (81,95) (95,87) (87,29) (29,92) (92,52) (52,1) (1,9) (9,64) (64,67) (67,15) (15,89) (89,100) (100,34) (17,25) (25,45) (45,9) (9,90) (90,17) (17,23) (23,6) (6,14) (14,82) (82,54) (54,89) (89,27) (27,23) (23,5) (5,92) (92,55) (73,88) (88,78) (78,92) (92,70) (33,89) (89,92) (92,63) (63,48) (48,43) (43,8) (8,94) (94,86) (86,6) (6,22) (74,64) (64,93) (93,13) (13,40) (40,91) (91,48) (48,55) (55,21) (21,26) (26,53) (53,76) (76,12) (12,88) (88,83) (83,10) (10,81) (81,46) (46,92) (92,28) (28,85) (85,40) (40,78) (78,55) (55,25) (25,1) (1,46) (46,11) (11,66) (66,60) (60,3) (3,89) (89,42) (42,28) (28,62) (62,65) (65,73) (73,98) (98,56) (56,13) (13,87) (87,65) (65,51) (51,19) (19,88) (88,74) (74,85) (85,16) (16,38) (38,54) (54,94)
96
(68,3) (3,65) (65,100) (100,28) (28,56) (56,42) (42,18) (18,82) (82,85) (85,76) (76,49) (49,61) (61,51) (51,99) (99,21) (21,78) (78,36) (36,100) (100,30) (30,70) (70,13) (13,3) (3,27) (27,48) (48,34) (34,74) (74,8) (8,94) (94,56) (56,41) (41,60) (60,13) (13,69) (69,30) (30,8) (8,12) (12,33) (33,57) (57,72) (72,63) (63,19) (19,96) (96,94) (94,56) (56,27) (27,84) (84,27) (27,78) (78,93) (93,84) (84,25) (25,40) (40,16) (16,52) (52,5) (5,3) (3,79) (79,19) (19,98) (98,78) (78,38) (38,63) (63,67) (67,33) (33,49) (49,72) (72,9) (9,59) (59,57) (57,65) (65,9) (9,28) (28,50) (50,20) (20,28) (28,64) (64,4) (4,31) (31,43) (43,16) (16,14) (14,44) (44,32) (32,92) (92,26) (26,100) (100,52) (52,84) (84,90) (90,21) (21,98) (98,81) (81,94) (94,24) (24,22) (22,83)
97
(96,48) (48,9) (9,92) (92,14) (14,99) (99,80) (80,71) (71,47) (47,51) (51,13) (13,49) (49,8) (8,31) (31,39) (39,18) (18,27) (27,56) (56,18) (18,94) (94,38) (38,61) (61,31) (31,31) (31,75) (75,23) (45,78) (78,92) (92,81) (81,70) (70,22) (22,74) (74,87) (87,25) (25,8) (8,84) (84,85) (85,25) (25,43) (43,99) (99,47) (47,64) (64,13) (13,35) (35,1) (1,36) (36,12) (12,31) (31,12) (12,77) (77,70) (70,86) (86,90) (90,7) (7,79) (79,84) (84,15) (15,81) (81,2) (2,76) (76,14) (14,2) (2,58) (58,97) (97,99) (99,58) (58,40) (40,86) (86,90) (90,65) (65,91) (91,36) (36,55) (55,38) (38,11) (17,10) (10,100) (100,55) (55,24) (24,31) (31,16) (16,2) (2,68) (68,80) (80,31) (31,37) (37,25) (25,31) (31,88) (88,84) (84,30) (30,80) (80,71) (71,10) (10,39) (39,2) (2,36) (36,13)
97
(47,84) (84,67) (67,60) (60,40) (40,13) (13,22) (22,6) (6,49) (49,62) (62,40) (40,87) (87,46) (46,31) (31,57) (57,18) (18,18) (18,26) (26,20) (20,82) (82,20) (20,72) (72,76) (76,62) (62,36) (36,24) (24,91) (91,43) (43,40) (40,30) (30,8) (8,56) (56,97) (97,80) (80,19) (19,71) (71,44) (44,75) (75,64) (64,61) (61,28) (28,8) (8,6) (6,1) (1,37) (37,59) (59,27) (27,62) (62,87) (87,22) (22,15) (15,54) (54,68) (68,16) (16,60) (60,55) (55,8) (8,29) (29,92) (92,72) (72,10) (10,79) (79,48) (48,4) (4,9) (9,66) (66,36) (36,84) (84,26) (26,82) (82,90) (90,91) (91,63) (63,9) (9,63) (63,9) (9,2) (2,97) (97,43) (43,28) (28,86) (86,62) (62,25) (25,70) (70,25) (25,82) (82,18) (18,96) (96,84) (84,37) (37,31) (31,10) (10,47) (47,23) (23,91) (91,37) (37,80) (80,38)
98
(48,80) (80,93) (93,6) (6,5) (5,22) (22,95) (95,24) (49,7) (7,51) (51,71) (71,78) (78,33) (33,28) (28,88) (88,57) (57,5) (5,25) (28,100) (100,40) (40,6) (6,97) (97,28) (28,5) (5,44) (44,93) (93,24) (24,1) (1,36) (36,24) (24,49) (40,46) (46,8) (8,28) (28,65) (65,12) (12,99) (99,11) (11,40) (40,13) (4,99) (99,88) (88,90) (8,38) (38,6) (6,18) (18,11) (11,27) (27,3) (3,6) (6,2) (2,84) (84,46) (46,24) (24,68) (68,94) (94,33) (33,31) (31,33) (91,53) (53,99) (99,44) (44,55) (55,18) (18,48) (48,47) (47,14) (14,92) (92,93) (50,91) (91,77) (77,36) (36,67) (67,37) (37,16) (16,84) (84,4) (4,73) (73,46) (46,1) (1,35) (35,30) (30,52) (52,84) (84,44) (44,19) (19,72) (72,8) (8,80) (80,78) (78,53) (53,53) (53,99) (99,16) (16,10) (10,52) (52,61) (61,99) (99,74)
98
(95,28) (28,79) (79,65) (65,92) (92,16) (16,92) (92,22) (22,11) (11,22) (22,6) (6,64) (64,86) (86,66) (66,53) (53,31) (31,47) (47,64) (64,18) (18,75) (75,47) (47,44) (44,50) (50,32) (32,84) (84,68) (68,66) (66,96) (96,71) (71,26) (26,77) (77,64) (64,78) (78,96) (96,37) (37,42) (42,21) (21,42) (42,44) (44,10) (10,39) (39,94) (94,35) (35,2) (2,61) (61,99) (99,14) (14,42) (42,42) (42,82) (82,94) (94,80) (80,32) (32,72) (72,13) (13,54) (54,83) (83,87) (87,60) (60,77) (77,41) (41,18) (18,42) (42,64) (64,50) (50,14) (14,83) (83,51) (51,82) (82,22) (22,16) (16,52) (52,16) (16,50) (50,39) (39,38) (38,100) (100,34) (34,47) (47,67) (67,36) (36,94) (94,5) (5,72) (72,89) (89,52) (52,67) (67,11) (11,40) (40,100) (100,41) (41,72) (72,92) (92,87) (87,42) (42,55) (55,56) (56,27) (27,67)
99
(47,29) (29,65) (65,79) (79,37) (37,55) (89,24) (24,77) (77,79) (79,34) (34,48) (4,39) (39,14) (14,76) (76,28) (28,24) (24,54) (54,46) (46,68) (14,34) (34,71) (71,29) (29,91) (91,83) (83,17) (17,70) (70,59) (59,2) (2,59) (59,12) (12,21) (21,52) (52,95) (95,48) (48,31) (31,36) (36,93) (93,3) (3,17) (17,67) (67,90) (90,97) (97,54) (54,21) (21,36) (36,100) (100,53) (53,88) (56,6) (6,100) (100,89) (89,23) (23,9) (9,98) (98,53) (53,1) (1,52) (52,62) (62,62) (62,50) (50,74) (74,25) (25,48) (48,60) (60,32) (32,66) (3,31) (31,3) (3,38) (38,83) (83,19) (19,32) (32,5) (5,56) (56,58) (58,24) (24,14) (14,71) (71,40) (40,6) (6,77) (77,1) (56,57) (57,2) (2,67) (67,72) (72,12) (12,43) (43,83) (83,53) (53,79) (79,6) (6,51) (51,78) (78,12) (12,37) (37,13) (13,12) (12,94) (94,82)
99
(75,83) (83,24) (24,85) (85,79) (79,19) (19,33) (33,10) (10,25) (25,69) (69,94) (94,6) (6,67) (67,70) (70,14) (14,37) (37,21) (21,80) (80,61) (61,72) (72,29) (29,23) (23,16) (16,43) (43,40) (40,35) (35,86) (86,33) (33,53) (53,100) (100,28) (28,60) (60,4) (4,5) (5,97) (97,76) (76,51) (51,20) (20,68) (68,23) (23,86) (86,41) (41,46) (46,6) (6,66) (66,49) (49,21) (21,84) (84,32) (32,13) (13,41) (41,87) (87,77) (77,32) (32,16) (16,70) (70,6) (6,86) (86,59) (59,2) (2,15) (15,38) (38,41) (41,5) (5,3) (3,21) (21,66) (66,63) (63,83) (83,59) (59,33) (33,93) (93,14) (14,31) (31,63) (63,53) (53,30) (30,57) (57,9) (9,76) (76,89) (89,36) (36,17) (17,2) (2,91) (91,48) (48,15) (15,69) (69,81) (81,58) (58,76) (76,34) (34,44) (44,92) (92,39) (39,62) (62,15) (15,40) (40,83) (83,71)
100
(20,8) (8,26) (26,30) (30,29) (29,14) (14,40) (40,68) (68,46) (46,78) (78,70) (70,90) (90,64) (64,40) (40,42) (42,44) (44,58) (58,17) (17,73) (73,8) (8,26) (26,82) (82,67) (67,69) (69,66) (66,54) (54,51) (51,96) (96,26) (26,35) (35,1) (1,93) (93,77) (77,20) (64,33) (33,84) (84,39) (39,86) (86,91) (91,46) (46,52) (52,29) (29,2) (2,31) (31,6) (6,33) (33,80) (80,24) (24,68) (68,74) (74,92) (92,8) (8,24) (24,99) (99,19) (19,40) (40,9) (9,45) (45,19) (19,99) (99,91) (91,60) (48,89) (89,41) (41,83) (83,56) (56,70) (70,12) (12,63) (63,18) (18,99) (99,91) (91,84) (84,99) (99,45) (45,93) (93,14) (14,69) (69,9) (9,96) (96,18) (18,15) (15,88) (88,51) (51,94) (98,37) (37,76) (76,81) (81,44) (44,39) (39,27) (27,82) (82,92) (92,95) (95,13) (13,68) (68,32) (32,42) (42,76) (76,66) (66,1)
100
(90,83) (83,15) (15,20) (20,68) (68,79) (79,17) (17,1) (1,82) (82,82) (82,76) (76,39) (39,80) (80,48) (48,98) (98,21) (21,60) (60,48) (48,56) (56,9) (9,77) (77,90) (90,7) (7,60) (60,47) (47,38) (38,2) (2,93) (93,86) (86,31) (31,3) (3,19) (19,94) (94,34) (34,23) (23,89) (89,29) (29,45) (45,36) (36,69) (69,43) (43,2) (2,55) (55,96) (96,34) (34,28) (28,40) (40,84) (84,33) (33,55) (55,37) (37,18) (18,41) (41,99) (99,52) (52,34) (34,4) (4,46) (46,33) (33,83) (83,84) (84,93) (93,92) (92,60) (60,50) (50,23) (23,6) (6,48) (48,40) (40,72) (72,38) (38,13) (13,24) (24,22) (22,81) (81,45) (45,84) (84,48) (48,82) (82,62) (62,55) (55,19) (19,48) (48,17) (17,65) (65,78) (78,38) (38,52) (52,18) (18,34) (34,31) (31,2) (2,62) (62,45) (45,86) (86,95) (95,33) (33,92) (92,28) (28,79) (79,78)
EXIT
